# \%-voxel1---voxel2---voxel3---voxel4---voxel5---voxel6
393.0000 394.0000 370.0000 390.0000 367.0000 381.0000
393.0000 394.0000 370.0000 390.0000 367.0000 381.0000
63.3995 66.3291 72.4158 72.0467 68.1919 68.7327
63.4314 66.3607 72.4499 72.0817 68.2246 68.7690
259.3627 277.6190 259.2179 278.9085 241.2593 264.1853
259.4709 277.7350 259.3195 279.0308 241.3591 264.2949
280.9552 295.5774 275.2469 302.8084 250.8072 282.0404
280.9006 295.5346 275.1689 302.7350 250.7163 281.9512
267.3128 281.2229 263.1799 282.0695 244.3223 269.5532
267.2542 281.1707 263.1104 281.9930 244.2413 269.4731
154.3652 172.4861 144.5060 166.7256 128.9347 142.4461
154.5262 172.6542 144.6659 166.9028 129.0889 142.6165
393.0000 394.0000 370.0000 390.0000 367.0000 381.0000
224.7253 227.7977 234.3691 249.7846 226.8403 243.8815
224.6252 227.6924 234.2769 249.6818 226.7573 243.7848
19.5817 27.1864 19.2463 18.3951 10.4097 9.2924
19.5815 27.1867 19.2451 18.3953 10.4086 9.2913
218.6573 235.6931 216.2308 228.6214 197.6138 217.2750
218.7627 235.8023 216.3360 228.7391 197.7192 217.3888
238.0147 251.7466 241.9266 258.9393 225.1649 246.6889
238.1035 251.8416 242.0095 259.0365 225.2424 246.7768
284.7482 304.3965 281.3861 309.4317 260.9384 288.1663
284.7511 304.4050 281.3780 309.4345 260.9278 288.1572
393.0000 394.0000 370.0000 390.0000 367.0000 381.0000
52.1124 63.5885 46.8833 46.9688 30.8095 36.1433
52.1735 63.6543 46.9387 47.0286 30.8572 36.2001
268.3599 276.2000 271.5294 291.4866 259.3119 281.9639
268.4172 276.2672 271.5718 291.5340 259.3384 282.0035
282.1554 296.9680 281.4923 307.6980 260.4269 289.1530
282.1999 297.0229 281.5193 307.7405 260.4427 289.1787
245.7705 261.5492 234.5784 258.2077 207.7625 237.1202
245.8885 261.6616 234.7082 258.3460 207.8967 237.2632
69.0689 77.1425 72.3253 70.9510 61.0607 65.2138
69.1516 77.2279 72.4100 71.0404 61.1420 65.3036
393.0000 394.0000 370.0000 390.0000 367.0000 381.0000
206.0891 217.1611 208.7581 228.4809 204.0155 215.5810
206.2097 217.2872 208.8763 228.6074 204.1269 215.7058
131.7062 149.6518 117.9140 136.6582 96.6917 112.1137
131.8321 149.7828 118.0379 136.7982 96.8105 112.2462
135.9962 142.5270 144.7335 149.1673 134.6558 144.3507
136.1329 142.6666 144.8718 149.3196 134.7893 144.4990
214.1757 231.7772 210.0445 235.0727 199.1582 214.4101
214.2715 231.8766 210.1413 235.1754 199.2514 214.5128
259.3873 266.6206 265.0498 285.2572 249.6709 274.2673
259.4705 266.7118 265.1200 285.3407 249.7284 274.3392
393.0000 394.0000 370.0000 390.0000 367.0000 381.0000
205.1979 221.4442 198.0808 209.8376 176.4469 197.3078
205.2938 221.5404 198.1774 209.9441 176.5439 197.4129
265.5607 277.0360 267.4998 288.2535 257.4779 277.2949
265.6276 277.1111 267.5571 288.3125 257.5204 277.3506
209.2674 225.0765 198.1387 213.8928 172.9512 197.3059
209.4086 225.2153 198.2865 214.0517 173.1010 197.4672
48.7700 53.9703 53.0581 56.5039 50.3182 48.3912
48.8000 53.9983 53.0921 56.5399 50.3554 48.4293
223.5328 231.5124 231.4718 246.6484 217.8071 237.6191
223.6388 231.6253 231.5702 246.7618 217.8962 237.7226
393.0000 394.0000 370.0000 390.0000 367.0000 381.0000
127.0780 132.5571 133.5569 144.7315 132.8242 136.2433
127.1912 132.6725 133.6704 144.8552 132.9369 136.3655
153.9758 171.0474 139.2229 155.1682 113.4005 133.6834
154.0707 171.1431 139.3173 155.2715 113.4908 133.7846
241.3414 262.5059 232.2446 261.8516 212.8901 235.7205
241.2214 262.3838 232.1191 261.7200 212.7683 235.5867
127.9705 141.8574 124.3426 128.0270 106.0478 118.4077
128.0469 141.9373 124.4167 128.1076 106.1189 118.4864
217.4353 236.4330 203.5689 229.5659 177.1675 203.3801
217.5562 236.5537 203.6953 229.7025 177.2921 203.5166
393.0000 394.0000 370.0000 390.0000 367.0000 381.0000
275.2880 294.4510 273.2138 295.0826 256.7481 279.7880
275.3296 294.4935 273.2546 295.1363 256.7955 279.8352
161.7480 163.9488 173.9431 182.0862 167.8737 178.5377
161.8292 164.0310 174.0235 182.1751 167.9505 178.6239
122.4439 137.6864 111.6389 118.8875 88.9316 104.0180
122.5270 137.7719 111.7194 118.9759 89.0073 104.1038
125.0757 126.3292 136.6215 143.3751 135.6625 139.9592
125.1820 126.4353 136.7294 143.4922 135.7688 140.0759
265.4151 282.0515 264.5361 288.5364 253.3640 272.8799
265.4921 282.1338 264.6103 288.6100 253.4272 272.9552
393.0000 394.0000 370.0000 390.0000 367.0000 381.0000
279.2202 288.3780 279.4280 302.2760 260.7110 288.8486
279.2462 288.4152 279.4349 302.2900 260.7013 288.8499
264.9089 284.7793 255.3675 285.8213 231.0588 259.6978
264.8064 284.6804 255.2522 285.7039 230.9417 259.5727
269.5939 282.1660 264.0274 285.3472 242.0896 270.4533
269.6254 282.1930 264.0666 285.3886 242.1349 270.4984
55.3396 67.4787 49.1356 58.0096 38.1442 41.0607
55.4361 67.5826 49.2259 58.1162 38.2299 41.1567
168.6966 181.6429 171.3649 178.5167 155.8243 170.1537
168.8170 181.7682 171.4858 178.6510 155.9423 170.2832
393.0000 394.0000 370.0000 390.0000 367.0000 381.0000
117.5269 129.4634 115.6636 131.0002 109.5462 114.5747
117.6421 129.5851 115.7759 131.1261 109.6550 114.6944
275.6646 296.4763 271.4388 299.4132 254.9088 278.2984
275.7191 296.5309 271.4985 299.4677 254.9635 278.3601
268.9286 285.4867 266.1252 285.1061 249.3154 272.4558
268.8889 285.4492 266.0815 285.0552 249.2650 272.4055
62.4575 76.5633 51.5627 58.5854 32.9998 40.9691
62.4801 76.5876 51.5828 58.6091 33.0175 40.9902
209.5233 214.3738 217.6548 233.4094 214.1039 226.5382
209.5944 214.4485 217.7225 233.4830 214.1661 226.6094
191.0000 196.0000 173.0000 183.0000 172.0000 181.0000
191.0000 196.0000 173.0000 183.0000 172.0000 181.0000
15.7144 16.7248 19.2038 18.4322 18.7870 19.0383
15.7401 16.7490 19.2317 18.4642 18.8192 19.0710
112.3974 124.2239 107.8263 118.2923 100.7380 113.9174
112.4634 124.2962 107.8861 118.3651 100.7965 113.9831
123.1153 134.0457 114.9810 129.4747 105.3169 121.7230
123.0881 134.0235 114.9434 129.4390 105.2722 121.6789
117.2117 128.0427 110.1755 121.1542 102.2201 116.5950
117.1820 128.0146 110.1423 121.1170 102.1818 116.5563
59.9417 69.4569 52.9699 63.3081 47.0915 54.2756
60.0050 69.5254 53.0302 63.3761 47.1497 54.3412
191.0000 196.0000 173.0000 183.0000 172.0000 181.0000
95.8478 100.5076 95.9785 104.6212 94.0416 103.5406
95.7792 100.4326 95.9178 104.5520 93.9878 103.4760
0.0000 0.0000 0.0000 0.0000 0.0000 0.0000
0.0000 0.0000 0.0000 0.0000 0.0000 0.0000
92.2450 103.0151 87.4548 94.3894 79.7590 91.1583
92.3540 103.1321 87.5587 94.5081 79.8628 91.2730
101.5248 110.7832 99.1951 108.0636 93.0535 104.9580
101.6211 110.8894 99.2811 108.1661 93.1341 105.0512
124.9104 137.7664 118.1777 132.6446 110.1955 125.2849
124.9142 137.7759 118.1703 132.6480 110.1851 125.2761
191.0000 196.0000 173.0000 183.0000 172.0000 181.0000
9.8621 14.6604 7.2450 6.5656 1.1247 3.5559
9.8711 14.6701 7.2535 6.5746 1.1326 3.5651
117.9024 125.8791 114.0851 125.5749 109.5494 122.4442
117.9593 125.9477 114.1263 125.6224 109.5751 122.4838
123.6097 134.3470 117.9883 131.6449 109.9918 125.3895
123.6264 134.3680 117.9976 131.6604 109.9969 125.3985
105.5174 116.5442 95.5896 108.0604 84.5479 99.7974
105.6038 116.6302 95.6802 108.1583 84.6418 99.8989
18.2039 21.6728 19.1037 17.8769 15.3286 17.4385
18.2482 21.7203 19.1472 17.9237 15.3704 17.4857
191.0000 196.0000 173.0000 183.0000 172.0000 181.0000
86.5922 94.2529 84.1687 94.5288 82.9446 90.3110
86.7194 94.3909 84.2881 94.6596 83.0568 90.4398
48.5395 57.6976 40.2077 48.6992 31.8302 39.4185
48.6230 57.7875 40.2873 48.7913 31.9085 39.5058
51.0338 55.0566 52.9967 55.0704 49.9960 55.2341
51.1342 55.1626 53.0940 55.1794 50.0908 55.3408
90.0866 100.6206 84.4897 97.0313 80.5286 89.5778
90.1611 100.7006 84.5620 97.1096 80.5983 89.6564
112.6482 119.7406 110.2544 121.2005 104.9207 118.0732
112.7202 119.8223 110.3127 121.2712 104.9685 118.1340
191.0000 196.0000 173.0000 183.0000 172.0000 181.0000
85.6683 96.1356 78.8242 85.5616 69.6395 81.3077
85.7325 96.2030 78.8873 85.6319 69.7034 81.3776
116.5896 126.0130 112.4554 124.2470 108.6330 120.5912
116.6503 126.0840 112.5053 124.3002 108.6700 120.6410
87.5921 98.0585 78.6212 87.2493 67.9958 80.9205
87.6627 98.1312 78.6907 87.3267 68.0656 80.9976
8.6578 10.3644 10.2861 11.1285 10.3514 9.3964
8.6777 10.3869 10.3032 11.1504 10.3686 9.4154
94.4656 100.9203 94.1072 102.0803 89.6173 100.2786
94.5419 101.0046 94.1749 102.1596 89.6786 100.3511
191.0000 196.0000 173.0000 183.0000 172.0000 181.0000
47.3765 50.8693 48.3101 53.7661 49.1728 51.6591
47.4661 50.9617 48.3993 53.8630 49.2624 51.7578
59.6310 69.2227 50.2851 58.0070 39.6830 49.7731
59.7219 69.3191 50.3707 58.1049 39.7650 49.8666
103.1297 115.7729 94.6400 109.3452 87.0430 99.5550
103.0751 115.7153 94.5854 109.2868 86.9899 99.4955
47.1124 54.6228 43.6756 45.5627 36.3363 43.0926
47.1772 54.6920 43.7395 45.6323 36.3994 43.1625
91.0173 102.5477 80.6401 93.5202 69.9366 83.3309
91.1145 102.6485 80.7369 93.6270 70.0325 83.4375
191.0000 196.0000 173.0000 183.0000 172.0000 181.0000
120.8221 133.5852 114.9561 126.8986 108.1937 121.8924
120.8543 133.6193 114.9863 126.9386 108.2280 121.9275
64.1122 66.8302 66.9108 71.1729 65.8476 71.6368
64.1912 66.9125 66.9859 71.2582 65.9213 71.7197
44.3652 52.5591 37.6255 41.1574 28.2735 35.9658
44.4274 52.6258 37.6829 41.2219 28.3274 36.0280
46.3592 47.9721 49.5883 52.9816 50.6236 53.2707
46.4308 48.0467 49.6578 53.0586 50.6921 53.3472
116.1808 127.6138 110.9568 123.9336 106.5979 118.5269
116.2324 127.6714 111.0045 123.9823 106.6383 118.5764
191.0000 196.0000 173.0000 183.0000 172.0000 181.0000
122.8402 131.5348 117.3611 130.0406 110.1800 125.3079
122.8562 131.5584 117.3649 130.0490 110.1736 125.3084
114.7503 127.4246 105.4023 120.7710 95.7294 110.8922
114.6982 127.3723 105.3464 120.7131 95.6726 110.8303
118.0909 128.3708 110.1856 122.2155 101.1338 116.5316
118.1204 128.3977 110.2201 122.2526 101.1736 116.5719
11.4654 16.3663 8.2725 11.4769 4.5315 5.7610
11.5037 16.4085 8.3072 11.5186 4.5653 5.7990
67.1634 74.8140 65.8037 69.5195 59.9591 68.0231
67.2443 74.9027 65.8791 69.6047 60.0311 68.1048
191.0000 196.0000 173.0000 183.0000 172.0000 181.0000
42.2707 48.2987 39.7109 46.7044 38.0623 41.1558
42.3528 48.3858 39.7913 46.7941 38.1434 41.2445
120.6958 133.9492 113.8101 128.3303 107.2750 120.8513
120.7456 134.0014 113.8625 128.3796 107.3232 120.9070
117.9604 129.7744 111.7264 122.5983 104.6192 118.3264
117.9306 129.7447 111.6950 122.5611 104.5831 118.2899
14.7349 20.8753 9.2684 11.7595 2.0671 5.6000
14.7915 20.9379 9.3174 11.8148 2.1087 5.6515
88.4754 93.6186 88.3153 97.0657 87.8578 95.4165
88.6212 93.7777 88.4480 97.2137 87.9796 95.5587
93.0000 94.8734 83.0000 84.0000 85.0000 87.3662
93.0000 94.8734 83.0000 84.0000 85.0000 87.3662
1.2622 1.5242 2.2101 2.4543 1.7889 1.0671
1.2659 1.5280 2.2139 2.4583 1.7926 1.0715
26.2176 30.2538 26.4731 29.4008 24.0102 28.7153
26.2336 30.2719 26.4880 29.4181 24.0246 28.7326
29.5347 33.4267 28.7768 32.2834 25.8913 30.9241
29.5260 33.4203 28.7665 32.2732 25.8786 30.9110
27.9356 32.4828 27.8884 31.2064 25.2305 29.9847
27.9263 32.4743 27.8787 31.1957 25.2190 29.9726
11.4626 14.5730 10.9166 13.1413 8.6564 10.6079
11.4828 14.5956 10.9362 13.1633 8.6751 10.6306
93.0000 94.8734 83.0000 84.0000 85.0000 87.3662
21.6709 23.3678 22.4307 24.8022 22.0630 24.6217
21.6565 23.3514 22.4171 24.7870 22.0506 24.6065
0.0000 0.0000 0.0000 0.0000 0.0000 0.0000
0.0000 0.0000 0.0000 0.0000 0.0000 0.0000
20.4681 24.4703 20.8675 23.1691 18.1304 21.9591
20.4828 24.4866 20.8819 23.1852 18.1446 21.9760
23.1015 25.9624 23.5407 25.9170 21.6011 25.4523
23.1141 25.9766 23.5525 25.9304 21.6122 25.4658
29.8931 34.1805 29.5027 33.1076 26.8590 32.1594
29.8934 34.1820 29.5018 33.1077 26.8574 32.1582
93.0000 94.8734 83.0000 84.0000 85.0000 87.3662
0.0000 1.5155 0.1518 0.4754 0.0000 0.0000
0.0000 1.5234 0.1581 0.4824 0.0000 0.0000
28.1929 31.4528 28.4879 31.7704 27.1551 31.2463
28.2019 31.4646 28.4958 31.7794 27.1603 31.2542
29.6415 33.1135 29.3350 32.6638 26.9401 31.9323
29.6479 33.1223 29.3396 32.6700 26.9428 31.9368
24.2941 28.5817 23.4043 26.5021 20.1041 24.3762
24.3117 28.5992 23.4221 26.5214 20.1226 24.3973
1.7905 2.8633 2.5337 2.7926 1.1462 1.0392
1.7996 2.8732 2.5429 2.8025 1.1550 1.0499
93.0000 94.8734 83.0000 84.0000 85.0000 87.3662
18.7777 21.5760 19.1893 21.9519 18.3171 20.9040
18.7944 21.5948 19.2058 21.9701 18.3326 20.9229
8.7095 11.7607 7.9746 9.7613 5.2677 6.8218
8.7245 11.7775 7.9890 9.7775 5.2812 6.8384
9.6436 10.7366 10.5769 11.4416 9.5365 10.6246
9.6602 10.7543 10.5934 11.4596 9.5527 10.6438
19.5629 23.1795 19.3764 22.4256 17.5688 20.7903
19.5764 23.1945 19.3898 22.4403 17.5817 20.8058
26.5317 28.8495 26.8098 29.5852 25.4509 29.3093
26.5439 28.8640 26.8208 29.5978 25.4599 29.3211
93.0000 94.8734 83.0000 84.0000 85.0000 87.3662
18.6754 22.8934 18.7483 21.0121 15.7053 19.1914
18.6891 22.9083 18.7616 21.0270 15.7185 19.2069
27.6972 31.4595 28.0325 31.4659 26.5671 30.8339
27.7075 31.4723 28.0422 31.4765 26.5745 30.8441
19.2009 23.4923 18.7583 21.2383 15.5311 18.9859
19.2208 23.5134 18.7781 21.2600 15.5509 19.0090
0.0000 0.1278 0.2097 0.6838 0.0000 0.0000
0.0000 0.1311 0.2133 0.6876 0.0000 0.0000
21.1984 23.0493 21.8141 23.8822 20.5768 23.6411
21.2132 23.0659 21.8280 23.8979 20.5895 23.6568
93.0000 94.8734 83.0000 84.0000 85.0000 87.3662
8.5217 9.8027 9.2655 10.7899 9.0595 9.5163
8.5357 9.8180 9.2795 10.8055 9.0734 9.5327
11.6330 15.1903 10.9196 12.7919 7.8065 9.9253
11.6453 15.2038 10.9315 12.8050 7.8177 9.9388
23.2296 27.5034 22.4439 25.8407 19.7140 23.9054
23.2121 27.4846 22.4264 25.8217 19.6968 23.8850
8.5373 11.2692 8.9832 10.0441 6.5499 8.1138
8.5469 11.2802 8.9926 10.0545 6.5587 8.1246
19.9441 24.0323 18.8399 21.7182 15.5074 19.1780
19.9609 24.0501 18.8565 21.7364 15.5237 19.1973
93.0000 94.8734 83.0000 84.0000 85.0000 87.3662
28.7960 33.4971 28.9311 32.3689 26.3827 31.5596
28.8025 33.5040 28.9371 32.3763 26.3894 31.5670
13.0225 13.7749 14.0448 15.3175 13.7849 14.9439
13.0330 13.7861 14.0550 15.3288 13.7950 14.9557
7.8352 10.9605 7.7171 8.9695 4.9272 6.3480
7.8450 10.9718 7.7266 8.9801 4.9361 6.3588
8.4288 9.0220 9.4771 10.5922 9.6186 9.8063
8.4417 9.0358 9.4900 10.6064 9.6318 9.8215
27.3672 31.6104 27.4828 31.0681 25.6298 30.1923
27.3790 31.6240 27.4945 31.0804 25.6399 30.2052
93.0000 94.8734 83.0000 84.0000 85.0000 87.3662
29.6486 32.9728 29.4983 32.8331 27.5113 32.0740
29.6523 32.9792 29.5004 32.8362 27.5106 32.0751
26.7706 31.0992 25.7651 29.3135 22.6315 27.4726
26.7550 31.0837 25.7488 29.2963 22.6147 27.4534
28.1915 32.4623 27.8089 31.1573 25.0708 29.7424
28.1965 32.4667 27.8143 31.1630 25.0772 29.7492
0.0791 1.6113 0.0676 0.8429 0.0000 0.0000
0.0890 1.6228 0.0768 0.8536 0.0000 0.0000
13.6532 16.1498 14.3569 15.7410 12.3314 14.6680
13.6686 16.1667 14.3722 15.7579 12.3463 14.6859
93.0000 94.8734 83.0000 84.0000 85.0000 87.3662
7.1162 9.1085 7.2812 8.9372 6.1500 6.8690
7.1298 9.1238 7.2944 8.9520 6.1625 6.8843
28.5684 33.1923 28.2685 32.0013 25.8161 30.8861
28.5772 33.2017 28.2779 32.0108 25.8250 30.8967
28.0784 32.7865 28.2373 31.5693 25.6119 30.5816
28.0723 32.7804 28.2311 31.5622 25.6049 30.5740
0.8861 2.9377 0.6675 1.3818 0.0000 0.0000
0.8886 2.9407 0.6698 1.3844 0.0000 0.0000
19.5100 21.5273 20.2846 22.7665 20.0394 22.2798
19.5198 21.5383 20.2940 22.7769 20.0481 22.2905
320.0000 337.0000 303.0000 322.0000 302.0000 321.0000
320.0000 337.0000 303.0000 322.0000 302.0000 321.0000
85.2523 92.7886 92.0533 93.9834 86.4281 89.6184
85.3717 92.9060 92.1863 94.1239 86.5652 89.7687
232.1394 258.8124 233.5523 250.1924 218.2274 241.0876
232.4224 259.1325 233.8195 250.5123 218.4925 241.3833
248.5357 272.2092 246.6811 269.0010 225.7115 256.5334
248.4536 272.1473 246.5581 268.8875 225.5664 256.3885
237.0578 259.0446 236.1651 250.9185 220.8484 245.4721
236.8709 258.8748 235.9373 250.6699 220.5803 245.2010
154.2329 178.0179 147.2864 166.5003 133.2924 147.5196
154.5947 178.4124 147.6515 166.9030 133.6463 147.9184
320.0000 337.0000 303.0000 322.0000 302.0000 321.0000
205.4974 217.2440 214.8864 227.5883 207.1776 226.2097
205.2742 217.0000 214.6764 227.3566 206.9926 225.9847
52.3820 62.8205 51.3563 53.1711 42.1992 42.9084
52.3799 62.8190 51.3526 53.1695 42.1959 42.9047
201.7086 225.7617 201.0062 211.7963 185.5102 204.7677
201.9979 226.0736 201.2917 212.1134 185.7969 205.0849
216.6187 238.8255 221.0545 235.9344 206.0515 228.1912
216.9750 239.2253 221.3915 236.3289 206.3670 228.5578
251.4626 280.2520 250.8301 274.0090 233.2110 260.3336
251.4626 280.2520 250.8301 274.0090 233.2110 260.3336
320.0000 337.0000 303.0000 322.0000 302.0000 321.0000
77.1913 91.7812 72.6246 74.9115 58.0408 64.0103
77.3769 91.9889 72.7950 75.0937 58.1892 64.1897
237.4362 254.2147 242.3748 257.9243 231.7751 255.1587
237.6002 254.4141 242.5006 258.0630 231.8571 255.2802
249.4811 273.7396 251.2216 272.8499 232.7630 261.6121
249.6223 273.9274 251.3076 272.9861 232.8137 261.6959
222.2127 245.5546 215.7929 234.9351 193.2551 221.6348
222.4260 245.7656 216.0314 235.1915 193.5010 221.9045
90.0828 102.3210 92.2635 93.4828 81.3093 86.9425
89.9258 102.1588 92.0909 93.3019 81.1353 86.7514
320.0000 337.0000 303.0000 322.0000 302.0000 321.0000
191.3538 209.9675 194.7619 210.9396 189.9714 203.2808
191.5250 210.1547 194.9311 211.1195 190.1317 203.4635
137.5134 160.2784 127.3577 143.9588 108.7159 124.1954
137.7413 160.5283 127.5933 144.2320 108.9588 124.4585
140.1864 153.0477 147.3834 152.8898 137.2477 148.7554
140.4234 153.3016 147.6248 153.1547 137.4792 149.0197
198.1784 223.1145 196.2394 216.9929 186.4716 202.6869
198.4771 223.4498 196.5308 217.3111 186.7367 202.9974
231.8037 248.3868 238.4461 255.0865 224.3769 249.9746
232.2045 248.8462 238.7899 255.4925 224.6593 250.3367
320.0000 337.0000 303.0000 322.0000 302.0000 321.0000
191.6137 214.1612 187.4242 197.3934 169.6598 189.6716
191.7760 214.3311 187.5960 197.5780 169.8382 189.8639
235.2756 255.4127 238.9175 255.1646 230.4455 250.9361
235.4448 255.6128 239.0632 255.3139 230.5551 251.0806
194.7094 216.8310 187.7669 200.7362 166.9266 190.1808
195.0926 217.2188 188.1726 201.1740 167.3374 190.6368
74.1098 83.2977 77.0940 81.9874 72.8485 73.6135
73.9757 83.1473 76.9673 81.8336 72.7165 73.4712
205.5790 222.1535 213.2584 226.6169 200.3427 221.5094
205.7757 222.3709 213.4452 226.8311 200.5128 221.7116
320.0000 337.0000 303.0000 322.0000 302.0000 321.0000
132.4136 143.9463 137.9967 148.1378 135.7491 141.9174
132.6808 144.2061 138.2920 148.4383 136.0515 142.2495
154.2212 176.3524 143.7431 157.6777 121.7577 141.3002
154.4598 176.6023 143.9849 157.9418 121.9896 141.5668
219.4347 248.3803 213.9990 238.5388 197.2246 220.1424
219.0271 247.9493 213.5666 238.0874 196.8038 219.6706
134.4755 153.2234 131.9205 136.5119 116.1144 128.5242
134.6999 153.4667 132.1448 136.7529 116.3328 128.7689
201.7759 227.6700 192.7445 214.3903 170.1981 195.7194
202.3164 228.2292 193.3205 215.0104 170.7678 196.3578
320.0000 337.0000 303.0000 322.0000 302.0000 321.0000
243.4970 271.1759 243.6606 261.4833 230.0801 252.8341
243.5629 271.2488 243.7263 261.5718 230.1552 252.9117
159.0630 168.6418 169.5173 177.4491 162.4752 175.6377
159.2646 168.8437 169.7244 177.6777 162.6863 175.8730
130.2104 149.7520 122.2613 129.4504 102.9412 117.4926
130.4373 149.9929 122.4863 129.6932 103.1560 117.7391
131.0556 138.6744 140.6748 147.4338 137.8758 145.1961
131.2853 138.9117 140.9116 147.6889 138.1106 145.4595
235.7224 260.8686 236.8656 256.1050 227.4505 247.4463
235.7463 260.8953 236.8887 256.1274 227.4700 247.4699
320.0000 337.0000 303.0000 322.0000 302.0000 321.0000
246.3841 264.8189 249.2046 267.3465 232.9655 261.3338
246.3841 264.8189 249.2046 267.3465 232.9655 261.3338
237.0891 265.3571 231.7907 256.8343 210.9205 239.1381
237.0431 265.3117 231.7377 256.7809 210.8664 239.0792
239.0312 259.8980 237.2711 254.0005 219.0353 246.7614
239.2550 260.0917 237.5594 254.2992 219.3728 247.1032
79.4836 95.0827 74.2725 83.5492 63.5513 67.9490
79.7629 95.3983 74.5362 83.8610 63.8032 68.2370
165.0153 184.4070 167.6597 175.0805 153.7988 168.7527
165.2355 184.6538 167.8724 175.3156 154.0019 168.9826
320.0000 337.0000 303.0000 322.0000 302.0000 321.0000
126.0345 143.2736 124.8849 138.6830 118.3733 125.3957
126.2620 143.5078 125.1304 138.9431 118.6325 125.6717
244.1121 273.5938 242.6330 265.5092 228.5987 252.0045
244.2547 273.7420 242.7907 265.6534 228.7440 252.1713
238.3954 263.1095 238.2044 253.3183 224.6465 247.2933
238.2084 262.9291 237.9930 253.0735 224.3984 247.0413
85.3077 102.5929 76.5462 84.2655 59.9062 68.2752
85.4529 102.7548 76.6789 84.4184 60.0228 68.4176
193.6947 206.5842 201.6421 214.4658 197.5252 212.1339
193.8676 206.7722 201.8090 214.6450 197.6801 212.3140
165.0000 172.0000 154.0000 165.0000 157.0000 166.0000
165.0000 172.0000 154.0000 165.0000 157.0000 166.0000
2.8064 2.1532 5.1619 4.3951 6.3599 5.7065
2.8627 2.2127 5.2224 4.4633 6.4235 5.7772
74.3587 85.3718 74.2489 85.2084 70.3292 83.2282
74.5082 85.5447 74.3890 85.3832 70.4653 83.3880
82.6416 93.9456 79.6541 93.8634 74.2756 88.8286
82.5945 93.9045 79.5905 93.7995 74.1990 88.7506
79.0080 90.8114 76.9814 89.3817 71.9587 85.8335
78.9014 90.7055 76.8614 89.2423 71.8192 85.6880
34.3606 41.3297 30.9090 39.1020 27.6485 33.6778
34.5372 41.5297 31.0838 39.3069 27.8179 33.8770
165.0000 172.0000 154.0000 165.0000 157.0000 166.0000
62.4738 68.1913 64.5938 73.9343 65.1171 73.7379
62.3599 68.0599 64.4878 73.8088 65.0226 73.6206
0.0000 0.0000 0.0000 0.0000 0.0000 0.0000
0.0000 0.0000 0.0000 0.0000 0.0000 0.0000
59.2600 69.1924 58.5134 66.5661 53.7293 64.7620
59.4123 69.3663 58.6611 66.7424 53.8729 64.9303
65.9109 74.4284 66.8938 76.0659 64.1679 75.2095
66.0928 74.6379 67.0644 76.2743 64.3285 75.4021
83.8684 95.9903 82.3238 96.3730 77.9922 92.3686
83.8684 95.9903 82.3238 96.3730 77.9922 92.3686
165.0000 172.0000 154.0000 165.0000 157.0000 166.0000
0.0000 0.3700 0.0000 0.0000 0.0000 0.0000
0.0000 0.4711 0.0000 0.0000 0.0000 0.0000
79.6492 89.1556 79.6883 92.3432 77.7726 90.1325
79.7335 89.2635 79.7551 92.4246 77.8151 90.1999
82.8723 93.5455 81.8636 95.2817 77.9251 91.9520
82.9424 93.6391 81.9078 95.3523 77.9495 91.9953
69.1102 80.1993 64.4873 76.7470 57.6730 70.8060
69.2230 80.3181 64.6069 76.8837 57.7980 70.9456
4.4330 5.6689 5.3336 4.4137 3.8832 4.8788
4.3602 5.5901 5.2554 4.3269 3.8034 4.7882
165.0000 172.0000 154.0000 165.0000 157.0000 166.0000
55.3585 62.5733 55.7475 65.8424 55.8868 63.5081
55.4466 62.6745 55.8339 65.9420 55.9678 63.6054
25.8241 32.3419 21.1346 27.5971 16.1348 21.7322
25.9332 32.4633 21.2444 27.7293 16.2474 21.8598
28.1930 30.9599 30.6313 33.1119 30.1957 34.3692
28.3066 31.0866 30.7454 33.2438 30.3070 34.4993
57.4248 66.4809 55.7748 67.1322 53.8358 62.7902
57.5739 66.6534 55.9194 67.2997 53.9688 62.9521
74.7975 82.7169 75.6152 86.9602 73.8464 85.5548
75.0034 82.9630 75.7913 87.1812 73.9915 85.7453
165.0000 172.0000 154.0000 165.0000 157.0000 166.0000
54.4252 64.3828 51.9391 59.8181 45.9095 56.6723
54.5101 64.4768 52.0263 59.9188 45.9979 56.7731
78.6944 89.0344 78.6965 91.5232 76.8905 89.0879
78.7821 89.1432 78.7739 91.6112 76.9478 89.1691
55.6342 65.8242 51.4860 60.6248 44.5976 55.7992
55.8344 66.0428 51.6887 60.8605 44.8014 56.0325
0.0000 0.0000 0.0000 0.0000 0.0000 0.0000
0.0000 0.0000 0.0000 0.0000 0.0000 0.0000
60.6562 66.9605 62.5851 70.8560 61.4233 70.8332
60.7552 67.0737 62.6778 70.9678 61.5091 70.9371
165.0000 172.0000 154.0000 165.0000 157.0000 166.0000
26.0070 28.5284 27.4993 32.4084 29.3362 31.6585
26.1410 28.6717 27.6416 32.5675 29.4829 31.8236
34.3029 42.1935 29.1923 36.0058 22.5421 30.3028
34.4207 42.3253 29.3075 36.1409 22.6526 30.4334
66.9917 78.0310 63.5833 76.7320 59.2041 70.8257
66.7802 77.7967 63.3645 76.4868 58.9894 70.5757
25.4400 31.1236 24.3640 26.9809 19.9657 25.6143
25.5496 31.2492 24.4722 27.1062 20.0689 25.7368
57.5967 67.8515 52.3827 63.8117 45.8469 57.0559
57.8733 68.1534 52.6661 64.1373 46.1299 57.3817
165.0000 172.0000 154.0000 165.0000 157.0000 166.0000
81.3548 93.7899 80.5669 93.2887 76.4769 90.4322
81.3905 93.8289 80.6015 93.3350 76.5158 90.4739
38.2309 40.8083 41.3905 46.0293 42.6367 47.3711
38.3342 40.9211 41.4931 46.1517 42.7411 47.4896
23.2037 29.5406 19.6900 23.2793 13.7994 19.6448
23.3140 29.6665 19.7967 23.4042 13.8997 19.7649
25.2804 26.4727 28.2254 31.6770 30.6276 32.6783
25.3933 26.5974 28.3391 31.8091 30.7409 32.8088
78.0043 89.3032 77.3968 90.7051 75.0655 87.4676
78.0172 89.3185 77.4094 90.7187 75.0761 87.4814
165.0000 172.0000 154.0000 165.0000 157.0000 166.0000
83.0524 93.1322 81.8898 95.2724 78.3375 92.0478
83.0524 93.1322 81.8898 95.2724 78.3375 92.0478
75.8224 87.5740 71.9485 86.0714 66.3330 79.9338
75.7974 87.5477 71.9210 86.0415 66.3046 79.9019
79.4016 90.8256 76.5421 89.5144 71.0565 85.1351
79.5288 90.9481 76.6922 89.6815 71.2321 85.3173
0.0000 1.1984 0.0000 0.0000 0.0000 0.0000
0.0000 1.3451 0.0000 0.0000 0.0000 0.0000
40.1523 46.3311 41.0064 45.4383 38.0605 45.3401
40.2613 46.4578 41.1117 45.5622 38.1592 45.4587
165.0000 172.0000 154.0000 165.0000 157.0000 166.0000
21.9018 25.7575 20.9739 26.4201 20.7213 23.3965
22.0150 25.8815 21.0925 26.5564 20.8443 23.5346
80.8470 93.2027 79.2048 93.3271 75.5054 89.0510
80.9221 93.2861 79.2866 93.4102 75.5821 89.1429
79.5371 91.7259 78.3176 90.5578 73.7924 87.6211
79.4306 91.6156 78.2045 90.4201 73.6631 87.4847
1.6550 4.8241 0.0000 0.0000 0.0000 0.0000
1.7208 4.9013 0.0000 0.0000 0.0000 0.0000
57.0914 62.8887 58.9303 68.1844 60.0586 67.4774
57.1809 62.9918 59.0160 68.2845 60.1375 67.5732
83.0000 77.7373 79.0000 74.0000 82.0000 80.0000
83.0000 77.7373 79.0000 74.0000 82.0000 80.0000
2.1443 2.6192 2.4946 2.9062 3.0222 2.5973
2.1457 2.6203 2.4964 2.9080 3.0259 2.5998
16.7288 16.5306 16.7341 16.1003 16.1202 16.7997
16.7457 16.5456 16.7483 16.1149 16.1359 16.8146
20.2827 18.4016 18.7802 18.1375 17.7837 18.4155
20.2738 18.3948 18.7699 18.1290 17.7699 18.4041
18.1490 17.4586 17.9662 17.3267 17.4400 17.6729
18.1405 17.4516 17.9582 17.3189 17.4292 17.6638
6.3329 7.1841 5.6642 6.6584 4.7756 5.7365
6.3415 7.1921 5.6718 6.6660 4.7830 5.7444
83.0000 77.7373 79.0000 74.0000 82.0000 80.0000
12.8834 11.9572 13.2786 12.9043 15.7448 14.0460
12.8680 11.9438 13.2642 12.8912 15.7310 14.0321
0.7339 1.5930 0.7795 1.4740 0.9568 0.6827
0.7338 1.5930 0.7794 1.4740 0.9567 0.6826
11.7842 12.2479 12.4182 11.9299 11.0106 12.1264
11.8074 12.2685 12.4401 11.9504 11.0330 12.1487
14.3932 13.8660 14.4829 13.7727 14.1847 14.5685
14.4157 13.8861 14.5029 13.7921 14.2053 14.5888
20.4113 19.4903 19.1155 18.8594 18.7028 19.2963
20.4119 19.4917 19.1123 18.8592 18.6981 19.2931
83.0000 77.7373 79.0000 74.0000 82.0000 80.0000
1.5562 2.5365 1.7492 2.3210 1.4419 1.5152
1.5567 2.5371 1.7498 2.3216 1.4423 1.5158
18.3923 17.1771 18.2471 17.7272 19.9619 18.7086
18.4096 17.1931 18.2624 17.7407 19.9702 18.7209
20.4309 18.6537 19.2797 18.5344 18.9098 19.2804
20.4359 18.6584 19.2826 18.5381 18.9111 19.2828
15.3017 14.3982 14.2156 13.9393 12.9755 13.6260
15.3233 14.4166 14.2362 13.9581 12.9971 13.6468
2.3168 3.1500 2.6540 3.0281 2.2100 2.5016
2.3201 3.1533 2.6576 3.0313 2.2129 2.5052
83.0000 77.7373 79.0000 74.0000 82.0000 80.0000
10.3439 10.5835 10.3109 11.0564 11.4899 11.1664
10.3694 10.6061 10.3349 11.0789 11.5147 11.1908
5.3139 5.8253 4.5925 5.3205 3.4762 4.3275
5.3234 5.8343 4.6008 5.3289 3.4831 4.3359
5.7966 5.9311 6.2556 6.1273 6.0783 6.2755
5.8091 5.9418 6.2684 6.1385 6.0917 6.2886
11.0579 11.5318 10.4163 11.3252 10.4294 10.9797
11.0730 11.5453 10.4305 11.3386 10.4444 10.9943
17.3473 15.5579 17.1623 16.1841 18.1558 17.4556
17.3664 15.5748 17.1785 16.1996 18.1690 17.4706
83.0000 77.7373 79.0000 74.0000 82.0000 80.0000
10.4357 10.9187 10.8756 10.6233 9.4854 10.3936
10.4485 10.9301 10.8879 10.6346 9.4975 10.4059
17.8395 17.0509 17.6241 17.4883 18.8450 18.2466
17.8575 17.0674 17.6413 17.5030 18.8566 18.2613
11.0025 11.0964 10.8368 10.7281 9.8449 10.2806
11.0165 11.1087 10.8500 10.7402 9.8579 10.2935
1.1952 2.1218 1.4991 2.3276 2.1284 1.7103
1.1961 2.1230 1.5000 2.3288 2.1291 1.7115
13.0832 11.9927 13.2626 12.4734 13.6853 13.4816
13.0998 12.0073 13.2777 12.4875 13.6999 13.4965
83.0000 77.7373 79.0000 74.0000 82.0000 80.0000
4.3379 5.0760 4.7872 5.6430 6.0616 5.4409
4.3483 5.0850 4.7978 5.6530 6.0747 5.4524
6.6670 6.9047 6.1848 6.5315 5.2416 5.7291
6.6798 6.9158 6.1961 6.5421 5.2514 5.7400
14.2664 14.2970 12.8052 13.5003 11.9294 12.9568
14.2534 14.2855 12.7931 13.4890 11.9167 12.9445
4.6219 5.6885 5.2700 5.4469 4.1678 4.9706
4.6292 5.6956 5.2779 5.4539 4.1745 4.9784
12.1402 11.6459 10.7453 11.0130 9.0959 10.2685
12.1602 11.6632 10.7634 11.0301 9.1133 10.2865
83.0000 77.7373 79.0000 74.0000 82.0000 80.0000
18.9898 18.5783 18.7341 18.2603 18.2494 18.9047
18.9989 18.5861 18.7406 18.2685 18.2590 18.9128
7.4272 7.0076 7.9999 7.7724 9.3044 8.4362
7.4385 7.0174 8.0113 7.7830 9.3184 8.4484
4.4047 5.2320 4.6326 4.9984 3.9522 4.2618
4.4115 5.2383 4.6392 5.0045 3.9582 4.2682
4.6000 4.8784 5.2204 5.6369 7.0295 5.8290
4.6081 4.8854 5.2287 5.6446 7.0397 5.8379
17.5286 17.0918 16.9616 17.1683 17.5364 17.6311
17.5437 17.1054 16.9766 17.1810 17.5493 17.6450
83.0000 77.7373 79.0000 74.0000 82.0000 80.0000
20.0817 18.2746 19.4556 18.5571 20.1001 19.4750
20.0864 18.2795 19.4582 18.5600 20.0978 19.4757
17.6398 16.6727 15.7646 15.9186 14.3948 15.5458
17.6251 16.6603 15.7504 15.9058 14.3794 15.5312
18.5190 17.4311 17.9051 17.2551 17.5786 17.5115
18.5277 17.4381 17.9137 17.2630 17.5898 17.5210
1.6015 2.6376 1.4774 2.3914 1.2134 1.4526
1.6040 2.6402 1.4796 2.3939 1.2149 1.4550
7.5723 8.2302 8.2356 8.0023 7.2502 8.0816
7.5843 8.2415 8.2477 8.0134 7.2620 8.0938
83.0000 77.7373 79.0000 74.0000 82.0000 80.0000
3.8063 4.8947 3.8514 4.9177 3.8728 4.2222
3.8147 4.9025 3.8595 4.9260 3.8818 4.2311
18.8144 18.4576 17.6820 17.8991 17.5889 18.1343
18.8300 18.4713 17.6988 17.9128 17.6054 18.1505
18.2625 17.7808 18.2408 17.6301 17.4882 18.1444
18.2537 17.7734 18.2332 17.6222 17.4778 18.1356
2.0908 2.8453 1.8937 2.5602 1.5407 1.6357
2.0948 2.8489 1.8977 2.5637 1.5439 1.6394
10.9476 10.7112 11.2970 11.5853 13.7216 12.2472
10.9774 10.7376 11.3250 11.6114 13.7499 12.2753
285.0000 291.0000 260.0000 278.0000 284.0000 279.0000
285.0000 291.0000 260.0000 278.0000 284.0000 279.0000
190.3932 195.6344 181.9156 189.5209 189.7263 184.8585
190.4464 195.6831 181.9749 189.5820 189.7922 184.9262
256.1828 268.3050 244.1762 257.2900 252.9595 251.6373
256.3051 268.4407 244.2902 257.4241 253.0836 251.7647
263.5669 273.2197 250.7764 265.9010 256.5820 259.8675
263.5331 273.1990 250.7246 265.8545 256.5158 259.8059
257.0285 265.5308 244.7546 255.6739 254.3553 253.5903
256.9525 265.4692 244.6598 255.5741 254.2323 253.4748
222.0317 234.7587 206.8483 221.8233 212.7854 211.1540
222.1930 234.9287 207.0093 221.9979 212.9548 211.3308
285.0000 291.0000 260.0000 278.0000 284.0000 279.0000
243.2767 247.2791 235.8706 246.4441 247.3525 245.6621
243.1780 247.1756 235.7782 246.3447 247.2645 245.5622
175.7868 183.5874 163.7705 171.7475 168.4423 163.8148
175.7858 183.5869 163.7688 171.7467 168.4407 163.8131
242.4766 253.6362 229.7813 240.1668 237.7489 235.5649
242.6005 253.7640 229.9031 240.2977 237.8846 235.7022
249.6556 259.7557 239.1947 251.8148 247.1215 246.5371
249.8129 259.9282 239.3417 251.9844 247.2702 246.6982
264.9771 277.8673 252.1057 268.0905 259.9576 260.6053
264.9771 277.8673 252.1057 268.0905 259.9576 260.6053
285.0000 291.0000 260.0000 278.0000 284.0000 279.0000
187.3578 196.6706 173.5604 181.4842 176.5187 173.5341
187.4424 196.7616 173.6373 181.5640 176.5925 173.6158
256.8884 262.5628 247.4230 258.5743 259.1203 257.9777
256.9616 262.6497 247.4786 258.6338 259.1610 258.0317
264.1351 274.4098 252.6204 267.8014 259.7034 261.7166
264.1989 274.4957 252.6594 267.8616 259.7290 261.7553
251.9130 261.7899 237.2877 250.9591 241.5766 244.6077
252.0053 261.8751 237.3911 251.0680 241.6913 244.7258
193.0557 200.8006 182.2321 189.6611 187.5759 183.6838
192.9847 200.7308 182.1549 189.5813 187.4919 183.5980
285.0000 291.0000 260.0000 278.0000 284.0000 279.0000
236.8152 245.3614 226.3701 238.7026 239.3301 234.6292
236.8901 245.4401 226.4431 238.7782 239.4061 234.7084
214.9322 227.3592 198.4679 212.4484 201.2045 201.2609
215.0341 227.4684 198.5721 212.5680 201.3208 201.3778
215.5310 222.3489 206.8075 215.7655 214.3419 211.4761
215.6374 222.4588 206.9148 215.8816 214.4527 211.5943
240.7226 252.8768 227.5796 242.4753 237.8790 234.7349
240.8562 253.0229 227.7078 242.6139 238.0050 234.8715
255.6914 261.8707 246.7858 259.3824 255.5997 256.5989
255.8689 262.0687 246.9375 259.5571 255.7347 256.7605
285.0000 291.0000 260.0000 278.0000 284.0000 279.0000
237.8473 248.0864 223.9466 233.6530 230.4255 229.2652
237.9170 248.1557 224.0201 233.7298 230.5098 229.3484
255.7600 263.5709 245.4255 256.9814 258.4950 255.4366
255.8352 263.6576 245.4890 257.0450 258.5481 255.4994
239.4446 249.2188 224.5764 235.5212 229.2139 230.1993
239.6097 249.3747 224.7521 235.7049 229.4079 230.3999
185.1360 191.6692 174.9901 183.9196 183.1552 177.4979
185.0764 191.6037 174.9344 183.8537 183.0910 177.4343
244.5557 251.6929 235.8960 247.7075 244.2768 243.9391
244.6432 251.7867 235.9783 247.8003 244.3575 244.0290
285.0000 291.0000 260.0000 278.0000 284.0000 279.0000
210.8015 216.9913 201.6959 212.0235 213.4157 207.8225
210.9177 217.0948 201.8249 212.1496 213.5597 207.9695
222.2340 233.4616 205.7592 218.0351 207.6671 209.0177
222.3397 233.5662 205.8663 218.1491 207.7785 209.1373
250.9593 264.8173 236.1397 252.9432 243.1603 243.1698
250.7806 264.6366 235.9521 252.7506 242.9625 242.9646
213.0006 222.9940 199.8119 208.1385 204.7334 202.2406
213.0999 223.0973 199.9101 208.2415 204.8388 202.3487
243.5093 255.7717 227.5012 243.0035 230.6598 233.3206
243.7465 256.0047 227.7532 243.2697 230.9287 233.6021
285.0000 291.0000 260.0000 278.0000 284.0000 279.0000
260.4567 272.6573 247.9531 261.0226 258.5257 256.2615
260.4846 272.6881 247.9807 261.0596 258.5601 256.2947
223.3625 227.6871 216.3627 225.8114 226.1657 223.4953
223.4493 227.7677 216.4526 225.9066 226.2657 223.5995
211.2078 221.5816 195.8257 205.1846 198.5784 197.8254
211.3083 221.6827 195.9253 205.2888 198.6825 197.9360
210.3328 214.2587 203.1674 212.0452 214.3497 209.5990
210.4340 214.3573 203.2715 212.1538 214.4620 209.7162
256.5075 267.4855 244.6673 258.0842 257.1334 253.7675
256.5179 267.4966 244.6771 258.0936 257.1427 253.7775
285.0000 291.0000 260.0000 278.0000 284.0000 279.0000
261.6884 268.1570 251.2471 263.9211 259.8085 261.5201
261.6884 268.1570 251.2471 263.9211 259.8085 261.5201
258.9776 271.8325 244.3461 261.2097 249.6903 252.0712
258.9578 271.8143 244.3234 261.1873 249.6652 252.0459
258.3283 266.1142 245.8631 257.7583 253.5393 254.9317
258.4200 266.1832 245.9839 257.8792 253.6943 255.0778
188.2395 198.3209 174.1917 185.3348 178.9842 175.3485
188.3669 198.4617 174.3107 185.4731 179.1076 175.4795
226.7165 236.4863 215.6205 225.2320 222.5268 220.0635
226.8140 236.5926 215.7133 225.3326 222.6241 220.1643
285.0000 291.0000 260.0000 278.0000 284.0000 279.0000
208.6259 218.4009 196.2692 208.7265 205.3239 200.6968
208.7248 218.4971 196.3755 208.8355 205.4477 200.8176
261.1770 274.6189 247.9030 263.5254 257.7726 256.3058
261.2398 274.6806 247.9713 263.5869 257.8408 256.3777
257.6983 267.9962 245.3718 256.7432 256.0668 253.8556
257.6224 267.9287 245.2845 256.6455 255.9528 253.7486
191.2380 201.9044 175.5703 185.9362 177.5120 175.8386
191.3046 201.9760 175.6309 186.0044 177.5696 175.9044
237.5649 242.5550 229.4766 239.9798 242.7812 238.8362
237.6403 242.6332 229.5487 240.0548 242.8547 238.9147
134.0000 136.0000 123.0000 130.0000 135.0000 133.0000
134.0000 136.0000 123.0000 130.0000 135.0000 133.0000
1.5584 1.3249 2.9195 3.0850 3.3104 1.9622
1.5648 1.3316 2.9263 3.0924 3.3175 1.9702
44.1593 50.5341 45.0783 52.0806 44.3806 50.6003
44.1856 50.5641 45.1035 52.1112 44.4064 50.6298
49.4489 55.8517 48.7230 57.2024 47.4106 54.2017
49.4348 55.8404 48.7052 57.1840 47.3875 54.1789
47.0781 54.2840 47.2472 55.1505 46.0922 52.5736
47.0629 54.2696 47.2305 55.1313 46.0715 52.5526
19.4810 23.9308 18.3375 23.0676 16.4036 19.0674
19.5157 23.9697 18.3721 23.1080 16.4388 19.1078
134.0000 136.0000 123.0000 130.0000 135.0000 133.0000
36.7083 39.5298 38.4762 44.2826 40.7977 43.7937
36.6844 39.5023 38.4533 44.2556 40.7758 43.7677
0.0000 0.0000 0.0000 0.0000 0.0000 0.0000
0.0000 0.0000 0.0000 0.0000 0.0000 0.0000
34.7069 40.8235 35.4249 40.8678 33.6202 38.8787
34.7315 40.8510 35.4496 40.8968 33.6460 38.9079
38.9147 43.5058 40.1737 46.0018 40.1218 45.0925
38.9356 43.5296 40.1937 46.0258 40.1417 45.1156
50.1142 57.0070 50.1611 58.6967 49.4574 56.4498
50.1148 57.0092 50.1596 58.6969 49.4546 56.4476
134.0000 136.0000 123.0000 130.0000 135.0000 133.0000
0.0000 0.9228 0.0000 0.0000 0.0000 0.0000
0.0000 0.9370 0.0000 0.0000 0.0000 0.0000
47.5135 52.8684 48.5219 56.4220 49.6928 54.9410
47.5281 52.8875 48.5344 56.4372 49.7014 54.9539
49.6127 55.3911 49.8370 57.9409 49.5259 56.0621
49.6231 55.4053 49.8443 57.9516 49.5303 56.0694
40.9084 47.6792 39.4975 46.8634 36.7746 42.8537
40.9374 47.7088 39.5279 46.8978 36.8081 42.8901
2.4608 3.5016 3.3108 3.5151 2.0052 1.7651
2.4769 3.5194 3.3275 3.5340 2.0222 1.7847
134.0000 136.0000 123.0000 130.0000 135.0000 133.0000
32.0905 36.3170 33.0392 39.2384 34.3188 37.4074
32.1186 36.3488 33.0674 39.2708 34.3470 37.4401
14.6074 18.9436 12.8983 16.6481 9.7290 12.1027
14.6335 18.9729 12.9239 16.6782 9.7548 12.1326
16.1684 17.5899 17.8225 19.8431 18.0442 19.2216
16.1971 17.6209 17.8517 19.8766 18.0746 19.2560
33.3317 38.7874 33.2331 40.0163 32.9803 37.1112
33.3543 38.8126 33.2560 40.0425 33.0037 37.1381
44.5774 48.5714 45.7029 52.6337 46.8292 51.6968
44.5975 48.5954 45.7209 52.6557 46.8449 51.7167
134.0000 136.0000 123.0000 130.0000 135.0000 133.0000
31.7223 38.1153 31.6315 36.9169 28.9162 33.9323
31.7452 38.1406 31.6544 36.9437 28.9402 33.9592
46.7870 52.8113 47.8375 55.9014 48.8329 54.2847
46.8037 52.8322 47.8533 55.9194 48.8454 54.3015
32.5384 39.0965 31.5408 37.3381 28.3823 33.4830
32.5717 39.1323 31.5749 37.3774 28.4185 33.5232
0.0000 0.0000 0.0000 0.0000 0.0000 0.0000
0.0000 0.0000 0.0000 0.0000 0.0000 0.0000
35.7219 38.7971 37.3039 42.4993 38.2669 42.0449
35.7464 38.8250 37.3274 42.5272 38.2897 42.0718
134.0000 136.0000 123.0000 130.0000 135.0000 133.0000
14.5819 16.1323 15.7803 18.9405 17.2389 17.3920
14.6063 16.1592 15.8051 18.9693 17.2650 17.4213
19.6278 24.8647 17.9188 22.0646 14.1689 17.5130
19.6487 24.8879 17.9395 22.0887 14.1898 17.5370
39.2653 45.8617 38.2640 45.9826 36.7127 42.3477
39.2364 45.8303 38.2341 45.9489 36.6816 42.3126
14.3879 18.2013 14.6981 16.9538 12.1266 14.4498
14.4045 18.2204 14.7147 16.9730 12.1430 14.4689
33.6549 39.9661 31.7805 38.4228 28.6575 33.9177
33.6830 39.9962 31.8092 38.4556 28.6876 33.9514
134.0000 136.0000 123.0000 130.0000 135.0000 133.0000
48.4855 55.8988 49.2023 57.2936 48.5519 55.4048
48.4962 55.9104 49.2125 57.3069 48.5640 55.4176
22.0350 23.0971 24.0423 27.1485 25.8834 26.9748
22.0529 23.1165 24.0602 27.1692 25.9019 26.9956
13.1484 17.5689 12.2968 14.9177 8.7686 11.1284
13.1656 17.5886 12.3137 14.9374 8.7853 11.1477
14.2936 14.8501 16.1233 18.5416 18.1719 17.9070
14.3161 14.8745 16.1464 18.5681 18.1964 17.9342
46.2495 52.9310 46.9457 55.2204 47.3368 53.2099
46.2687 52.9534 46.9649 55.2417 47.3544 53.2315
134.0000 136.0000 123.0000 130.0000 135.0000 133.0000
49.7343 55.2991 50.0453 58.2153 50.2294 56.2343
49.7403 55.3092 50.0483 58.2202 50.2276 56.2358
44.9690 51.8454 43.7293 52.0312 41.7780 48.3625
44.9435 51.8194 43.7017 52.0008 41.7477 48.3295
47.4114 54.2650 47.0398 55.0925 45.6861 52.1146
47.4196 54.2725 47.0491 55.1029 45.6976 52.1263
0.0000 1.1658 0.0000 0.0000 0.0000 0.0000
0.0000 1.1865 0.0000 0.0000 0.0000 0.0000
23.1153 26.7678 24.3063 27.5593 23.1617 26.2634
23.1417 26.7970 24.3330 27.5902 23.1894 26.2949
134.0000 136.0000 123.0000 130.0000 135.0000 133.0000
12.1028 14.6665 12.1191 15.4199 11.8132 12.5322
12.1265 14.6934 12.1427 15.4477 11.8371 12.5597
48.1027 55.3794 48.1825 56.8128 47.6737 54.3319
48.1168 55.3948 48.1980 56.8290 47.6892 54.3498
47.3413 54.7585 47.9359 55.8137 46.9934 53.6643
47.3311 54.7483 47.9254 55.8010 46.9806 53.6511
0.8579 3.4025 0.0000 0.7751 0.0000 0.0000
0.8624 3.4078 0.0000 0.7800 0.0000 0.0000
33.2590 36.3991 34.9198 40.7036 37.2669 39.8087
33.2754 36.4178 34.9359 40.7223 37.2826 39.8271
73.0000 69.0000 62.2029 59.0000 72.0000 67.0000
73.0000 69.0000 62.2029 59.0000 72.0000 67.0000
21.0779 20.5468 20.3022 18.5387 22.1360 20.1141
21.1045 20.5702 20.3289 18.5638 22.1680 20.1448
53.8348 53.7783 48.7312 46.4996 52.8844 51.0267
53.8977 53.8422 48.7847 46.5567 52.9461 51.0869
57.4918 56.4263 51.3972 49.8816 54.6310 54.2290
57.4736 56.4141 51.3725 49.8614 54.5973 54.1995
54.8810 53.7238 49.2353 46.5686 53.4997 51.9215
54.8396 53.6902 49.1897 46.5243 53.4374 51.8663
36.4914 37.6709 31.4218 31.5489 33.0928 31.9589
36.5720 37.7498 31.4952 31.6210 33.1754 32.0403
73.0000 69.0000 62.2029 59.0000 72.0000 67.0000
47.8586 45.3625 44.9794 42.4248 50.2961 48.0131
47.8089 45.3138 44.9372 42.3834 50.2530 47.9672
13.7493 14.5811 12.1137 11.2275 11.8114 10.5614
13.7488 14.5808 12.1130 11.2272 11.8106 10.5606
47.0468 47.1553 42.1895 39.6107 45.2695 43.6120
47.1111 47.2174 42.2468 39.6673 45.3364 43.6767
50.3901 49.7862 46.2392 43.9709 50.0445 48.4162
50.4695 49.8661 46.3068 44.0415 50.1180 48.4910
58.1483 58.0758 52.2136 50.7787 56.3729 54.9714
58.1483 58.0758 52.2136 50.7787 56.3729 54.9714
73.0000 69.0000 62.2029 59.0000 72.0000 67.0000
19.3004 20.3922 16.4019 15.1273 15.5244 14.8824
19.3418 20.4338 16.4362 15.1600 15.5592 14.9191
54.9539 52.7292 50.4815 47.8208 56.0317 53.9036
54.9905 52.7691 50.5068 47.8456 56.0509 53.9284
57.7081 56.7515 52.3045 50.5782 56.2666 55.2519
57.7396 56.7892 52.3218 50.6026 56.2785 55.2691
51.6281 51.0991 45.1947 43.7779 47.0801 47.1108
51.6755 51.1411 45.2425 43.8237 47.1374 47.1658
22.1734 22.4877 20.3510 18.4574 20.9515 19.5665
22.1384 22.4553 20.3162 18.4250 20.9109 19.5274
73.0000 69.0000 62.2029 59.0000 72.0000 67.0000
44.7011 43.9497 40.9141 39.4298 46.2923 43.3016
44.7392 43.9870 40.9480 39.4619 46.3296 43.3389
32.7766 34.1311 27.4299 27.5243 27.3647 27.2106
32.8274 34.1811 27.4773 27.5732 27.4214 27.2644
33.3502 32.6221 31.4392 29.1052 34.0019 32.2037
33.4030 32.6729 31.4878 29.1527 34.0559 32.2577
46.2543 46.6417 41.2299 40.5486 45.4844 43.1928
46.3209 46.7088 41.2884 40.6055 45.5462 43.2562
53.7471 51.6279 49.7310 47.3770 54.3074 52.8783
53.8364 51.7197 49.8001 47.4496 54.3733 52.9523
73.0000 69.0000 62.2029 59.0000 72.0000 67.0000
44.7919 44.8163 39.4650 37.0237 41.5814 40.5430
44.8279 44.8501 39.4995 37.0567 41.6230 40.5822
54.4666 52.9855 49.7707 47.3148 55.7225 53.0182
54.5044 53.0255 49.7999 47.3414 55.7481 53.0476
45.4900 45.3495 39.5503 37.6358 40.9472 40.6717
45.5752 45.4266 39.6317 37.7140 41.0430 40.7648
18.5829 18.6526 17.2839 16.3796 18.9658 16.8363
18.5530 18.6225 17.2584 16.3520 18.9349 16.8072
47.9228 46.4235 44.6781 42.3024 48.7092 47.0658
47.9666 46.4669 44.7157 42.3407 48.7488 47.1071
73.0000 69.0000 62.2029 59.0000 72.0000 67.0000
31.5714 30.7533 29.5197 28.2059 33.6464 30.7869
31.6309 30.8050 29.5790 28.2595 33.7169 30.8547
36.4956 37.3152 30.7243 29.9664 30.4138 30.7084
36.5488 37.3651 30.7729 30.0137 30.4679 30.7629
51.0203 51.7289 44.8232 44.4393 47.9967 46.7803
50.9296 51.6429 44.7364 44.3586 47.8987 46.6841
32.0771 32.6736 28.3234 26.1532 29.0888 28.0608
32.1271 32.7222 28.3684 26.1963 29.1398 28.1107
47.0996 47.5832 40.5770 40.1320 41.7076 41.8273
47.2200 47.6947 40.6927 40.2429 41.8403 41.9576
73.0000 69.0000 62.2029 59.0000 72.0000 67.0000
56.3368 56.2150 50.7382 48.4840 55.6446 53.4042
56.3515 56.2296 50.7513 48.4998 55.6621 53.4200
37.5370 35.6931 35.8807 33.4847 39.8779 37.6972
37.5818 35.7333 35.9223 33.5255 39.9271 37.7453
31.1302 31.9815 26.3908 24.8924 26.0205 25.8240
31.1808 32.0295 26.4360 24.9358 26.0706 25.8744
31.2733 29.6837 30.0681 28.0893 34.1388 31.4678
31.3245 29.7310 30.1157 28.1349 34.1936 31.5216
54.5866 54.1302 49.3636 47.5049 55.0273 52.3016
54.5920 54.1355 49.3682 47.5089 55.0319 52.3064
73.0000 69.0000 62.2029 59.0000 72.0000 67.0000
56.9778 54.8840 51.8818 49.5458 56.3134 55.1923
56.9778 54.8840 51.8818 49.5458 56.3134 55.1923
54.9604 55.1116 48.4103 47.7234 51.1892 50.6749
54.9501 55.1026 48.3997 47.7139 51.1766 50.6629
55.3362 53.9021 49.4790 47.1440 53.0787 52.2118
55.3858 53.9403 49.5368 47.1972 53.1572 52.2814
19.8071 21.0620 16.7310 16.6811 16.8060 15.6908
19.8695 21.1253 16.7841 16.7370 16.8649 15.7497
38.8896 38.9122 35.5084 33.0706 37.8717 36.2758
38.9386 38.9615 35.5511 33.1126 37.9191 36.3227
73.0000 69.0000 62.2029 59.0000 72.0000 67.0000
30.1738 30.6766 26.8963 26.5378 29.6013 27.4195
30.2245 30.7233 26.9456 26.5843 29.6618 27.4758
56.4908 56.7314 50.5462 49.2302 55.2985 53.2500
56.5226 56.7610 50.5779 49.2560 55.3323 53.2839
55.1819 54.5610 49.6355 46.9990 54.3821 52.2745
55.1405 54.5253 49.5932 46.9554 54.3244 52.2232
21.1202 22.5742 17.1997 16.8157 15.9637 15.7679
21.1527 22.6066 17.2265 16.8432 15.9909 15.7971
45.2117 43.2271 42.2991 40.0528 48.0474 45.1190
45.2502 43.2646 42.3326 40.0848 48.0834 45.1557
258.0000 262.0000 243.0000 250.0000 245.0000 251.0000
258.0000 262.0000 243.0000 250.0000 245.0000 251.0000
4.0080 5.9393 7.3265 8.5183 4.5754 3.2102
4.0204 5.9501 7.3401 8.5339 4.5930 3.2276
62.4388 71.2368 66.9423 75.5895 59.7295 70.6795
62.4856 71.2876 66.9874 75.6427 59.7746 70.7321
70.9947 78.6043 73.2087 83.0943 65.1564 76.5959
70.9723 78.5894 73.1815 83.0666 65.1219 76.5612
66.4725 76.2343 70.8305 80.3686 63.6259 74.1687
66.4503 76.2151 70.8069 80.3419 63.5973 74.1390
27.0204 35.0232 27.9157 34.2037 20.7350 25.7353
27.0580 35.0639 27.9537 34.2468 20.7716 25.7789
258.0000 262.0000 243.0000 250.0000 245.0000 251.0000
51.2435 54.2910 56.3366 63.3321 55.1272 60.1408
51.1955 54.2391 56.2888 63.2785 55.0832 60.0880
0.0000 0.0000 0.0000 0.0000 0.0000 0.0000
0.0000 0.0000 0.0000 0.0000 0.0000 0.0000
48.2200 57.5470 52.8618 59.6249 44.7093 53.7309
48.2945 57.6268 52.9378 59.7114 44.7854 53.8192
55.0161 60.9806 59.4453 66.4983 53.4304 62.3359
55.0839 61.0544 59.5115 66.5748 53.4938 62.4114
71.7207 80.6739 74.7132 85.2093 67.2122 79.5092
71.7224 80.6823 74.7087 85.2099 67.2037 79.5028
258.0000 262.0000 243.0000 250.0000 245.0000 251.0000
0.9053 6.3205 2.9388 4.1646 0.0000 0.0000
0.9095 6.3252 2.9433 4.1695 0.0000 0.0000
67.1013 73.4329 71.9947 81.5346 68.5820 77.1314
67.1455 73.4889 72.0364 81.5817 68.6101 77.1724
71.2817 77.8852 74.4266 84.0279 67.5641 78.9808
71.2944 77.9022 74.4362 84.0409 67.5698 78.9901
57.8764 67.1429 59.5733 68.1405 50.4320 60.0801
57.9394 67.2029 59.6396 68.2134 50.5018 60.1578
5.2109 9.0878 8.3137 9.5044 2.9714 3.2698
5.2326 9.1109 8.3369 9.5297 2.9934 3.2964
258.0000 262.0000 243.0000 250.0000 245.0000 251.0000
43.8451 50.3351 47.8075 55.9493 44.8900 50.6165
43.9307 50.4277 47.8955 56.0476 44.9748 50.7166
20.8836 28.7950 21.1926 26.1168 12.8772 16.9341
20.9300 28.8450 21.2386 26.1698 12.9213 16.9873
23.0710 26.0714 27.2582 30.1145 23.0341 25.7389
23.1287 26.1298 27.3180 30.1804 23.0941 25.8081
45.9053 54.4483 48.4368 57.2725 42.8583 50.4504
45.9556 54.5020 48.4890 57.3305 42.9098 50.5105
63.4520 67.3490 67.8154 75.8395 63.8550 72.1898
63.5045 67.4090 67.8647 75.8967 63.8965 72.2427
258.0000 262.0000 243.0000 250.0000 245.0000 251.0000
43.8816 53.8493 47.7334 54.2213 38.9629 47.0215
43.9248 53.8947 47.7783 54.2718 39.0081 47.0736
65.7215 73.5447 70.6448 80.7175 66.6934 75.9693
65.7679 73.6010 70.6913 80.7683 66.7287 76.0173
45.3190 55.2738 47.9101 54.8229 38.9128 46.6761
45.3663 55.3221 47.9587 54.8771 38.9618 46.7319
0.0000 2.9739 2.5179 4.2833 0.0000 0.0000
0.0000 2.9846 2.5266 4.2943 0.0000 0.0000
50.4879 53.9133 55.0355 61.1661 50.9080 57.7476
50.5405 53.9702 55.0871 61.2248 50.9558 57.8055
258.0000 262.0000 243.0000 250.0000 245.0000 251.0000
19.8488 23.6625 23.5133 28.1850 21.8803 22.8349
19.8997 23.7140 23.5675 28.2451 21.9378 22.8987
27.6077 36.3773 28.5465 33.6490 19.5266 24.5279
27.6621 36.4349 28.6004 33.7099 19.5778 24.5888
55.1408 64.8702 56.5019 66.1975 48.5172 58.4663
55.1019 64.8300 56.4614 66.1529 48.4768 58.4196
20.2144 27.5243 23.7142 26.9686 16.0042 19.9994
20.2511 27.5637 23.7531 27.0117 16.0420 20.0443
47.4472 56.7143 47.9466 55.8673 38.3434 47.0147
47.5132 56.7809 48.0140 55.9422 38.4104 47.0923
258.0000 262.0000 243.0000 250.0000 245.0000 251.0000
68.6291 78.8861 73.2210 83.3296 66.0236 77.9837
68.6525 78.9102 73.2427 83.3574 66.0490 78.0112
30.8142 32.4967 35.4914 39.4487 33.7894 36.1074
30.8624 32.5456 35.5410 39.5044 33.8412 36.1652
18.6892 26.8934 20.8485 24.4267 12.5403 16.0025
18.7240 26.9321 20.8840 24.4666 12.5738 16.0422
19.8857 21.8685 24.1981 27.7703 23.5250 23.6262
19.9257 21.9092 24.2401 27.8171 23.5689 23.6754
64.9263 74.1498 69.1524 79.6835 63.9263 74.2869
64.9658 74.1941 69.1937 79.7276 63.9623 74.3317
258.0000 262.0000 243.0000 250.0000 245.0000 251.0000
71.0430 77.2061 74.9235 84.4391 69.6183 79.4540
71.0548 77.2266 74.9315 84.4498 69.6167 79.4584
64.0741 73.3315 65.2489 75.2846 56.2894 67.6464
64.0344 73.2939 65.2063 75.2388 56.2448 67.5966
67.2801 76.1671 70.7430 80.2206 63.4223 73.6358
67.3026 76.1854 70.7676 80.2476 63.4522 73.6666
1.2868 6.4788 2.4038 4.7918 0.0000 0.0000
1.3053 6.4997 2.4219 4.8132 0.0000 0.0000
32.2426 38.4509 36.6142 40.8798 29.9380 35.6493
32.2923 38.5056 36.6653 40.9373 29.9869 35.7076
258.0000 262.0000 243.0000 250.0000 245.0000 251.0000
16.7345 22.4981 18.9095 23.8020 14.5864 16.6323
16.7794 22.5457 18.9564 23.8553 14.6344 16.6876
68.1232 78.2466 71.3001 82.2054 64.3645 76.1329
68.1630 78.2872 71.3444 82.2508 64.4072 76.1826
66.7743 77.0424 71.5806 81.2942 64.2613 75.5828
66.7519 77.0213 71.5577 81.2672 64.2341 75.5539
3.2209 9.4202 4.1166 6.2296 0.0000 0.0000
3.2486 9.4523 4.1441 6.2603 0.0000 0.0000
45.6820 49.9733 50.6191 57.9951 49.6699 54.0729
45.7804 50.0806 50.7193 58.1074 49.7645 54.1854
126.0000 123.0000 119.0000 117.0000 118.0000 119.0000
126.0000 123.0000 119.0000 117.0000 118.0000 119.0000
2.7523 3.8729 3.7241 4.3900 3.4612 3.2280
2.7552 3.8751 3.7274 4.3936 3.4669 3.2323
24.7903 25.7518 25.0071 25.8717 22.9442 24.9854
24.8131 25.7731 25.0263 25.8931 22.9649 25.0062
29.5082 28.4426 27.8266 28.8562 25.4172 27.3301
29.4965 28.4341 27.8132 28.8441 25.3996 27.3148
26.6162 27.1428 26.6959 27.6831 24.9259 26.2994
26.6050 27.1335 26.6853 27.6720 24.9119 26.2871
9.8402 11.8694 9.1888 11.1577 7.0048 8.7872
9.8537 11.8824 9.2010 11.1706 7.0166 8.8000
126.0000 123.0000 119.0000 117.0000 118.0000 119.0000
19.5199 18.9160 20.2981 21.0682 22.1651 21.0339
19.4983 18.8962 20.2780 21.0483 22.1461 21.0139
0.1016 1.8649 0.6748 1.5874 0.0000 0.0000
0.1014 1.8648 0.6746 1.5872 0.0000 0.0000
17.9814 19.7255 19.0710 19.6572 16.1597 18.4265
18.0141 19.7561 19.1018 19.6888 16.1912 18.4588
21.5890 21.8170 21.9200 22.3879 20.2970 21.8213
21.6203 21.8463 21.9476 22.4171 20.3248 21.8502
29.6758 29.8769 28.2648 29.8503 26.3821 28.4681
29.6766 29.8793 28.2609 29.8502 26.3767 28.4643
126.0000 123.0000 119.0000 117.0000 118.0000 119.0000
1.7782 3.7946 2.5006 3.3111 0.8948 1.4167
1.7791 3.7957 2.5017 3.3122 0.8957 1.4178
26.9596 26.4550 27.0753 28.2122 27.9635 27.6212
26.9824 26.4780 27.0955 28.2318 27.9753 27.6383
29.6977 28.6438 28.4454 29.3768 26.6918 28.4149
29.7043 28.6507 28.4494 29.3822 26.6938 28.4184
22.8519 23.0209 21.6903 22.7427 18.9362 20.6986
22.8816 23.0466 21.7188 22.7708 18.9661 20.7283
3.0754 4.7723 4.0368 4.6298 2.4284 3.1484
3.0813 4.7781 4.0432 4.6358 2.4337 3.1549
126.0000 123.0000 119.0000 117.0000 118.0000 119.0000
15.9112 17.0799 16.1845 18.2638 16.6490 17.0258
15.9478 17.1140 16.2191 18.2987 16.6837 17.0616
8.0697 9.7257 7.3773 8.8418 4.8055 6.4229
8.0852 9.7408 7.3909 8.8566 4.8176 6.4371
8.8398 9.5713 9.8681 10.1665 8.6617 9.3923
8.8599 9.5890 9.8879 10.1857 8.6821 9.4132
16.9433 18.6183 16.3668 18.7132 15.2984 16.8283
16.9649 18.6385 16.3873 18.7340 15.3195 16.8498
25.6212 24.1657 25.5741 25.9672 25.5730 25.8239
25.6469 24.1899 25.5960 25.9901 25.5912 25.8449
126.0000 123.0000 119.0000 117.0000 118.0000 119.0000
16.0612 17.8760 16.9334 17.6513 14.0235 15.9515
16.0795 17.8931 16.9510 17.6690 14.0411 15.9697
26.1772 26.3701 26.2448 27.8655 26.5733 26.9995
26.2009 26.3936 26.2675 27.8867 26.5890 27.0197
16.8649 18.2129 16.9257 17.8268 14.4071 15.8160
16.8851 18.2312 16.9447 17.8458 14.4261 15.8353
1.2700 3.0117 2.1115 3.3186 1.9791 1.7367
1.2718 3.0141 2.1132 3.3210 1.9807 1.7389
19.7194 19.0233 20.1864 20.3985 19.5563 20.2164
19.7428 19.0449 20.2076 20.4201 19.5765 20.2379
126.0000 123.0000 119.0000 117.0000 118.0000 119.0000
6.8280 8.3170 7.7739 9.3947 8.5171 8.1622
6.8448 8.3321 7.7908 9.4119 8.5371 8.1808
10.2863 11.6897 9.9117 10.9731 7.4125 8.7122
10.3062 11.7080 9.9295 10.9912 7.4285 8.7300
21.4367 22.7433 19.7803 22.0490 17.4806 19.7589
21.4187 22.7267 19.7633 22.0320 17.4632 19.7412
7.2236 9.4371 8.4597 9.0891 5.8986 7.4491
7.2356 9.4490 8.4723 9.1013 5.9098 7.4619
18.3794 19.0267 16.7843 18.2487 13.5354 15.8137
18.4080 19.0524 16.8106 18.2753 13.5610 15.8407
126.0000 123.0000 119.0000 117.0000 118.0000 119.0000
27.7317 28.6904 27.6821 28.9997 25.8104 27.8958
27.7437 28.7011 27.6909 29.0113 25.8228 27.9069
11.4630 11.3678 12.5587 12.9421 13.2026 12.7058
11.4806 11.3834 12.5760 12.9595 13.2228 12.7245
6.8258 8.8487 7.4655 8.3212 5.2863 6.2962
6.8370 8.8596 7.4764 8.3321 5.2963 6.3071
7.1528 7.9220 8.3628 9.3543 9.7069 8.6714
7.1659 7.9338 8.3760 9.3676 9.7222 8.6858
25.7778 26.5660 25.3846 27.4188 24.8669 26.1841
25.7977 26.5850 25.4045 27.4372 24.8839 26.2030
126.0000 123.0000 119.0000 117.0000 118.0000 119.0000
29.2410 28.0455 28.6821 29.4287 28.2543 28.6852
29.2470 28.0530 28.6857 29.4330 28.2520 28.6865
26.0035 26.1613 23.8420 25.6422 20.9216 23.4321
25.9838 26.1444 23.8226 25.6236 20.9010 23.4119
27.1610 27.1038 26.6630 27.5943 25.0776 26.1061
27.1724 27.1129 26.6743 27.6056 25.0922 26.1190
1.8614 3.9197 2.0714 3.4370 0.6922 1.3356
1.8660 3.9247 2.0756 3.4419 0.6956 1.3402
11.7679 13.3767 12.9712 13.3705 10.6147 12.3186
11.7864 13.3948 12.9894 13.3888 10.6322 12.3374
126.0000 123.0000 119.0000 117.0000 118.0000 119.0000
5.9236 8.0289 6.2767 8.1438 5.4046 6.2409
5.9375 8.0424 6.2903 8.1584 5.4191 6.2559
27.5425 28.5334 26.3776 28.4904 24.9347 26.9091
27.5631 28.5521 26.3997 28.5099 24.9560 26.9309
26.7431 27.6024 27.0235 28.1065 24.9525 26.8955
26.7317 27.5926 27.0135 28.0951 24.9391 26.8836
2.6098 4.4363 2.7364 3.7714 1.0475 1.6348
2.6173 4.4435 2.7435 3.7784 1.0534 1.6416
16.7798 17.1248 17.5614 19.0546 19.4939 18.5196
16.8222 17.1643 17.6015 19.0949 19.5333 18.5605
62.0000 60.0000 58.0000 55.0000 59.0000 59.0000
62.0000 60.0000 58.0000 55.0000 59.0000 59.0000
0.8375 0.9543 1.5387 1.5991 1.2436 0.7201
0.8494 0.9656 1.5516 1.6121 1.2574 0.7351
17.5115 19.1701 18.5311 19.2816 16.6959 19.4268
17.5495 19.2115 18.5683 19.3222 16.7315 19.4685
19.7541 21.2117 20.1706 21.2036 18.0293 20.9518
19.7416 21.2029 20.1549 21.1890 18.0100 20.9324
18.6899 20.6156 19.5501 20.4978 17.5700 20.3178
18.6624 20.5916 19.5200 20.4666 17.5349 20.2814
7.6562 9.2294 7.6379 8.6160 6.0226 7.1777
7.6970 9.2725 7.6794 8.6594 6.0620 7.2240
62.0000 60.0000 58.0000 55.0000 59.0000 59.0000
14.4969 14.8313 15.7241 16.2901 15.3624 16.6835
14.4683 14.8008 15.6958 16.2606 15.3371 16.6529
0.0000 0.0000 0.0000 0.0000 0.0000 0.0000
0.0000 0.0000 0.0000 0.0000 0.0000 0.0000
13.6858 15.5188 14.6184 15.2069 12.6200 14.8710
13.7231 15.5589 14.6564 15.2471 12.6564 14.9133
15.4373 16.4608 16.4861 17.0055 15.0288 17.2290
15.4829 16.5097 16.5309 17.0534 15.0705 17.2786
19.9918 21.6875 20.6764 21.7412 18.6986 21.7830
19.9918 21.6875 20.6764 21.7412 18.6986 21.7830
62.0000 60.0000 58.0000 55.0000 59.0000 59.0000
0.0000 0.9391 0.0841 0.2886 0.0000 0.0000
0.0000 0.9593 0.1016 0.3069 0.0000 0.0000
18.8449 19.9441 19.9557 20.8521 18.8962 21.1556
18.8673 19.9717 19.9762 20.8738 18.9097 21.1754
19.8132 20.9989 20.5523 21.4414 18.7522 21.6240
19.8312 21.0229 20.5659 21.4587 18.7598 21.6368
16.2363 18.1231 16.3874 17.3896 13.9819 16.4976
16.2651 18.1503 16.4178 17.4206 14.0131 16.5324
1.2036 1.8172 1.7774 1.8337 0.8076 0.7146
1.1881 1.8021 1.7605 1.8168 0.7906 0.6954
62.0000 60.0000 58.0000 55.0000 59.0000 59.0000
12.5517 13.6791 13.4408 14.4055 12.7472 14.1528
12.5734 13.7023 13.4631 14.4285 12.7680 14.1774
5.8082 7.4388 5.5666 6.3872 3.6528 4.6030
5.8324 7.4638 5.5911 6.4135 3.6769 4.6312
6.4350 6.7948 7.3957 7.4944 6.6286 7.1838
6.4608 6.8211 7.4225 7.5219 6.6546 7.2139
13.0744 14.6928 13.5697 14.7148 12.2262 14.0740
13.1113 14.7327 13.6070 14.7534 12.2601 14.1149
17.7161 18.2766 18.7643 19.4011 17.6974 19.8279
17.7692 18.3363 18.8139 19.4547 17.7380 19.8797
62.0000 60.0000 58.0000 55.0000 59.0000 59.0000
12.4992 14.5313 13.1429 13.8020 10.9398 13.0073
12.5198 14.5526 13.1646 13.8245 10.9614 13.0320
18.5231 19.9598 19.6454 20.6612 18.4936 20.8847
18.5463 19.9874 19.6682 20.6845 18.5107 20.9078
12.8307 14.8914 13.1300 13.9305 10.7983 12.8464
12.8799 14.9409 13.1808 13.9831 10.8486 12.9034
0.0000 0.0757 0.1444 0.4450 0.0000 0.0000
0.0000 0.0619 0.1321 0.4312 0.0000 0.0000
14.1592 14.6062 15.2713 15.6646 14.3128 15.9980
14.1837 14.6321 15.2955 15.6901 14.3350 16.0244
62.0000 60.0000 58.0000 55.0000 59.0000 59.0000
5.6898 6.2064 6.4800 7.0703 6.2970 6.4354
5.7200 6.2357 6.5128 7.1035 6.3316 6.4731
7.7834 9.6367 7.6500 8.3982 5.4367 6.7266
7.8107 9.6652 7.6776 8.4270 5.4626 6.7570
15.5562 17.4688 15.7497 16.9892 13.7464 16.2166
15.5025 17.4141 15.6932 16.9319 13.6914 16.1532
5.7297 7.1653 6.3109 6.6102 4.5810 5.5203
5.7543 7.1919 6.3364 6.6366 4.6048 5.5485
13.3379 15.2453 13.2002 14.2594 10.7963 12.9906
13.4064 15.3136 13.2710 14.3322 10.8655 13.0702
62.0000 60.0000 58.0000 55.0000 59.0000 59.0000
19.2604 21.2543 20.2774 21.2565 18.3691 21.3790
19.2696 21.2634 20.2862 21.2666 18.3789 21.3895
8.7085 8.7379 9.8417 10.0558 9.5990 10.1255
8.7323 8.7618 9.8664 10.0818 9.6247 10.1536
5.2353 6.9427 5.3966 5.8776 3.4249 4.2948
5.2598 6.9693 5.4216 5.9037 3.4480 4.3222
5.6310 5.7134 6.6341 6.9448 6.6929 6.6389
5.6563 5.7390 6.6606 6.9722 6.7196 6.6689
18.3094 20.0618 19.2677 20.4071 17.8493 20.4581
18.3129 20.0657 19.2714 20.4107 17.8524 20.4620
62.0000 60.0000 58.0000 55.0000 59.0000 59.0000
19.8309 20.9278 20.6746 21.5633 19.1497 21.7264
19.8309 20.9278 20.6746 21.5633 19.1497 21.7264
17.9124 19.7393 18.0661 19.2590 15.7667 18.6205
17.9058 19.7331 18.0589 19.2518 15.7594 18.6123
18.8449 20.5899 19.4768 20.4485 17.4380 20.1328
18.8778 20.6171 19.5142 20.4861 17.4821 20.1781
0.0358 0.9964 0.0238 0.5280 0.0000 0.0000
0.0617 1.0250 0.0492 0.5555 0.0000 0.0000
9.1445 10.2582 10.0725 10.3467 8.6002 9.9526
9.1699 10.2861 10.0985 10.3739 8.6241 9.9813
62.0000 60.0000 58.0000 55.0000 59.0000 59.0000
4.7675 5.7821 5.1066 5.8718 4.2909 4.6626
4.7923 5.8073 5.1333 5.8995 4.3185 4.6935
19.0953 21.0477 19.8005 21.0031 17.9635 20.9088
19.1154 21.0680 19.8229 21.0244 17.9846 20.9335
18.7943 20.8161 19.8042 20.7459 17.8472 20.7329
18.7669 20.7907 19.7756 20.7151 17.8145 20.6984
0.5882 1.8524 0.4561 0.8950 0.0000 0.0000
0.6020 1.8679 0.4693 0.9092 0.0000 0.0000
13.0478 13.6564 14.2155 14.9476 13.9509 15.0924
13.0699 13.6801 14.2380 14.9709 13.9716 15.1169
