%--dir-x---dir-y----dir-z-----|G|-----DELTA---delta-----TE---
0.000000 0.000000 0.000000 0.000000 0.000000 0.000000 0.049000
0.000000 0.000000 0.000000 0.000000 0.000000 0.000000 0.049000
-0.929637 -0.215376 0.298979 0.285000 0.022000 0.003000 0.049000
0.929587 0.215588 -0.298983 0.285000 0.022000 0.003000 0.049000
-0.385163 -0.873580 -0.297503 0.285000 0.022000 0.003000 0.049000
0.384508 0.873850 0.297557 0.285000 0.022000 0.003000 0.049000
0.039567 -0.773999 0.631949 0.285000 0.022000 0.003000 0.049000
-0.040443 0.773970 -0.631930 0.285000 0.022000 0.003000 0.049000
0.209397 0.133906 0.968619 0.285000 0.022000 0.003000 0.049000
-0.210011 -0.133870 -0.968491 0.285000 0.022000 0.003000 0.049000
-0.611947 0.787605 0.072108 0.285000 0.022000 0.003000 0.049000
0.611464 -0.787974 -0.072176 0.285000 0.022000 0.003000 0.049000
0.000000 0.000000 0.000000 0.000000 0.000000 0.000000 0.049000
0.463719 0.290043 -0.837162 0.285000 0.022000 0.003000 0.049000
-0.464147 -0.290054 0.836921 0.285000 0.022000 0.003000 0.049000
-0.996902 0.076142 0.019740 0.285000 0.022000 0.003000 0.049000
0.996894 -0.076237 -0.019765 0.285000 0.022000 0.003000 0.049000
-0.544877 -0.598135 -0.587660 0.285000 0.022000 0.003000 0.049000
0.544486 0.598317 0.587836 0.285000 0.022000 0.003000 0.049000
-0.501674 -0.863894 0.044835 0.285000 0.022000 0.003000 0.049000
0.501305 0.864107 -0.044854 0.285000 0.022000 0.003000 0.049000
-0.116383 -0.993143 -0.011005 0.285000 0.022000 0.003000 0.049000
0.115779 0.993214 0.011007 0.285000 0.022000 0.003000 0.049000
0.000000 0.000000 0.000000 0.000000 0.000000 0.000000 0.049000
-0.946135 -0.037961 -0.321539 0.285000 0.022000 0.003000 0.049000
0.946011 0.038003 0.321899 0.285000 0.022000 0.003000 0.049000
-0.163496 -0.062227 0.984579 0.285000 0.022000 0.003000 0.049000
0.162845 0.062189 -0.984690 0.285000 0.022000 0.003000 0.049000
-0.198641 -0.911975 0.358948 0.285000 0.022000 0.003000 0.049000
0.197953 0.912109 -0.358987 0.285000 0.022000 0.003000 0.049000
-0.321168 0.546721 -0.773270 0.285000 0.022000 0.003000 0.049000
0.320558 -0.546868 0.773419 0.285000 0.022000 0.003000 0.049000
-0.937490 -0.336895 -0.087261 0.285000 0.022000 0.003000 0.049000
0.937348 0.337265 0.087357 0.285000 0.022000 0.003000 0.049000
0.000000 0.000000 0.000000 0.000000 0.000000 0.000000 0.049000
-0.446755 0.519950 0.728054 0.285000 0.022000 0.003000 0.049000
0.446298 -0.520056 -0.728258 0.285000 0.022000 0.003000 0.049000
-0.691333 0.675986 -0.255151 0.285000 0.022000 0.003000 0.049000
0.690981 -0.676345 0.255152 0.285000 0.022000 0.003000 0.049000
-0.800707 -0.576645 0.162325 0.285000 0.022000 0.003000 0.049000
0.800398 0.577023 -0.162502 0.285000 0.022000 0.003000 0.049000
-0.404451 0.804438 0.435085 0.285000 0.022000 0.003000 0.049000
0.404071 -0.804557 -0.435218 0.285000 0.022000 0.003000 0.049000
-0.348455 -0.648259 0.677008 0.285000 0.022000 0.003000 0.049000
0.347950 0.648387 -0.677145 0.285000 0.022000 0.003000 0.049000
0.000000 0.000000 0.000000 0.000000 0.000000 0.000000 0.049000
-0.557250 -0.246709 -0.792847 0.285000 0.022000 0.003000 0.049000
0.556887 0.246672 0.793114 0.285000 0.022000 0.003000 0.049000
-0.139432 0.340665 0.929788 0.285000 0.022000 0.003000 0.049000
0.138771 -0.340687 -0.929879 0.285000 0.022000 0.003000 0.049000
-0.506050 0.155429 -0.848384 0.285000 0.022000 0.003000 0.049000
0.505532 -0.155387 0.848700 0.285000 0.022000 0.003000 0.049000
-0.915973 0.189853 0.353482 0.285000 0.022000 0.003000 0.049000
0.915904 -0.189824 -0.353677 0.285000 0.022000 0.003000 0.049000
-0.543762 -0.745190 0.386024 0.285000 0.022000 0.003000 0.049000
0.543378 0.745444 -0.386074 0.285000 0.022000 0.003000 0.049000
0.000000 0.000000 0.000000 0.000000 0.000000 0.000000 0.049000
-0.713295 0.289292 0.638373 0.285000 0.022000 0.003000 0.049000
0.712975 -0.289409 -0.638678 0.285000 0.022000 0.003000 0.049000
-0.656851 0.449505 -0.605385 0.285000 0.022000 0.003000 0.049000
0.656573 -0.449616 0.605605 0.285000 0.022000 0.003000 0.049000
0.297504 -0.952913 -0.058726 0.285000 0.022000 0.003000 0.049000
-0.298078 0.952735 0.058704 0.285000 0.022000 0.003000 0.049000
-0.801399 -0.348463 -0.486140 0.285000 0.022000 0.003000 0.049000
0.801205 0.348568 0.486386 0.285000 0.022000 0.003000 0.049000
-0.426618 0.772103 -0.471014 0.285000 0.022000 0.003000 0.049000
0.426153 -0.772313 0.471090 0.285000 0.022000 0.003000 0.049000
0.000000 0.000000 0.000000 0.000000 0.000000 0.000000 0.049000
-0.207899 -0.773569 -0.598639 0.285000 0.022000 0.003000 0.049000
0.207225 0.773665 0.598749 0.285000 0.022000 0.003000 0.049000
-0.706285 -0.444114 0.551293 0.285000 0.022000 0.003000 0.049000
0.706063 0.444227 -0.551486 0.285000 0.022000 0.003000 0.049000
-0.775796 0.057609 -0.628349 0.285000 0.022000 0.003000 0.049000
0.775586 -0.057677 0.628601 0.285000 0.022000 0.003000 0.049000
-0.760142 -0.087649 0.643818 0.285000 0.022000 0.003000 0.049000
0.759872 0.087724 -0.644126 0.285000 0.022000 0.003000 0.049000
-0.127008 0.688236 0.714283 0.285000 0.022000 0.003000 0.049000
0.126337 -0.688274 -0.714365 0.285000 0.022000 0.003000 0.049000
0.000000 0.000000 0.000000 0.000000 0.000000 0.000000 0.049000
-0.100765 -0.474100 0.874686 0.285000 0.022000 0.003000 0.049000
0.100084 0.474135 -0.874745 0.285000 0.022000 0.003000 0.049000
0.182885 -0.943296 0.277031 0.285000 0.022000 0.003000 0.049000
-0.183571 0.943167 -0.277017 0.285000 0.022000 0.003000 0.049000
-0.169497 0.243770 -0.954907 0.285000 0.022000 0.003000 0.049000
0.169165 -0.243797 0.954959 0.285000 0.022000 0.003000 0.049000
-0.881934 0.468253 0.054150 0.285000 0.022000 0.003000 0.049000
0.881688 -0.468708 -0.054203 0.285000 0.022000 0.003000 0.049000
-0.722294 -0.652989 -0.227808 0.285000 0.022000 0.003000 0.049000
0.721982 0.653342 0.227784 0.285000 0.022000 0.003000 0.049000
0.000000 0.000000 0.000000 0.000000 0.000000 0.000000 0.049000
-0.717003 0.579910 0.386796 0.285000 0.022000 0.003000 0.049000
0.716684 -0.580217 -0.386926 0.285000 0.022000 0.003000 0.049000
-0.046944 0.932577 0.357905 0.285000 0.022000 0.003000 0.049000
0.046252 -0.932609 -0.357913 0.285000 0.022000 0.003000 0.049000
0.229833 0.484121 0.844277 0.285000 0.022000 0.003000 0.049000
-0.230273 -0.484092 -0.844174 0.285000 0.022000 0.003000 0.049000
-0.886468 0.341709 -0.312104 0.285000 0.022000 0.003000 0.049000
0.886407 -0.341808 0.312170 0.285000 0.022000 0.003000 0.049000
-0.471315 0.115414 0.874381 0.285000 0.022000 0.003000 0.049000
0.471048 -0.115452 -0.874519 0.285000 0.022000 0.003000 0.049000
0.000000 0.000000 0.000000 0.000000 0.000000 0.000000 0.087000
0.000000 0.000000 0.000000 0.000000 0.000000 0.000000 0.087000
-0.929654 -0.215671 0.298713 0.199000 0.060000 0.003000 0.087000
0.929506 0.215481 -0.299310 0.199000 0.060000 0.003000 0.087000
-0.385320 -0.873494 -0.297552 0.199000 0.060000 0.003000 0.087000
0.384552 0.873848 0.297503 0.199000 0.060000 0.003000 0.087000
0.039379 -0.773868 0.632122 0.199000 0.060000 0.003000 0.087000
-0.040314 0.773837 -0.632100 0.199000 0.060000 0.003000 0.087000
0.209346 0.133597 0.968672 0.199000 0.060000 0.003000 0.087000
-0.209935 -0.133560 -0.968550 0.199000 0.060000 0.003000 0.087000
-0.611899 0.787659 0.071921 0.199000 0.060000 0.003000 0.087000
0.611512 -0.787954 -0.071985 0.199000 0.060000 0.003000 0.087000
0.000000 0.000000 0.000000 0.000000 0.000000 0.000000 0.087000
0.463608 0.290078 -0.837211 0.199000 0.060000 0.003000 0.087000
-0.464168 -0.289886 0.836967 0.199000 0.060000 0.003000 0.087000
-0.996893 0.076181 0.020035 0.199000 0.060000 0.003000 0.087000
0.996880 -0.076332 -0.020075 0.199000 0.060000 0.003000 0.087000
-0.545199 -0.597957 -0.587542 0.199000 0.060000 0.003000 0.087000
0.544367 0.598346 0.587918 0.199000 0.060000 0.003000 0.087000
-0.501929 -0.863746 0.044826 0.199000 0.060000 0.003000 0.087000
0.501107 0.864221 -0.044885 0.199000 0.060000 0.003000 0.087000
-0.116721 -0.993099 -0.011406 0.199000 0.060000 0.003000 0.087000
0.115433 0.993250 0.011409 0.199000 0.060000 0.003000 0.087000
0.000000 0.000000 0.000000 0.000000 0.000000 0.000000 0.087000
-0.946111 -0.037932 -0.321613 0.199000 0.060000 0.003000 0.087000
0.946082 0.038015 0.321688 0.199000 0.060000 0.003000 0.087000
-0.163818 -0.062268 0.984523 0.199000 0.060000 0.003000 0.087000
0.162575 0.062295 -0.984728 0.199000 0.060000 0.003000 0.087000
-0.198734 -0.912023 0.358773 0.199000 0.060000 0.003000 0.087000
0.198174 0.912111 -0.358860 0.199000 0.060000 0.003000 0.087000
-0.321568 0.546795 -0.773052 0.199000 0.060000 0.003000 0.087000
0.320678 -0.546928 0.773328 0.199000 0.060000 0.003000 0.087000
-0.937509 -0.336819 -0.087352 0.199000 0.060000 0.003000 0.087000
0.937357 0.337213 0.087455 0.199000 0.060000 0.003000 0.087000
0.000000 0.000000 0.000000 0.000000 0.000000 0.000000 0.087000
-0.446988 0.520137 0.727777 0.199000 0.060000 0.003000 0.087000
0.446011 -0.520364 -0.728214 0.199000 0.060000 0.003000 0.087000
-0.691424 0.675819 -0.255348 0.199000 0.060000 0.003000 0.087000
0.690935 -0.676408 0.255110 0.199000 0.060000 0.003000 0.087000
-0.800905 -0.576431 0.162107 0.199000 0.060000 0.003000 0.087000
0.800438 0.576992 -0.162415 0.199000 0.060000 0.003000 0.087000
-0.404531 0.804432 0.435022 0.199000 0.060000 0.003000 0.087000
0.403944 -0.804599 -0.435258 0.199000 0.060000 0.003000 0.087000
-0.348480 -0.648284 0.676971 0.199000 0.060000 0.003000 0.087000
0.347606 0.648503 -0.677210 0.199000 0.060000 0.003000 0.087000
0.000000 0.000000 0.000000 0.000000 0.000000 0.000000 0.087000
-0.557390 -0.246344 -0.792862 0.199000 0.060000 0.003000 0.087000
0.556934 0.246540 0.793122 0.199000 0.060000 0.003000 0.087000
-0.139671 0.340496 0.929814 0.199000 0.060000 0.003000 0.087000
0.138479 -0.340614 -0.929949 0.199000 0.060000 0.003000 0.087000
-0.505917 0.155496 -0.848451 0.199000 0.060000 0.003000 0.087000
0.505389 -0.155611 0.848744 0.199000 0.060000 0.003000 0.087000
-0.916060 0.189824 0.353271 0.199000 0.060000 0.003000 0.087000
0.915925 -0.190225 -0.353406 0.199000 0.060000 0.003000 0.087000
-0.543854 -0.745114 0.386041 0.199000 0.060000 0.003000 0.087000
0.543290 0.745510 -0.386072 0.199000 0.060000 0.003000 0.087000
0.000000 0.000000 0.000000 0.000000 0.000000 0.000000 0.087000
-0.713329 0.289424 0.638276 0.199000 0.060000 0.003000 0.087000
0.712865 -0.289225 -0.638884 0.199000 0.060000 0.003000 0.087000
-0.657098 0.449210 -0.605337 0.199000 0.060000 0.003000 0.087000
0.656545 -0.449707 0.605568 0.199000 0.060000 0.003000 0.087000
0.297423 -0.952938 -0.058723 0.199000 0.060000 0.003000 0.087000
-0.297946 0.952776 0.058700 0.199000 0.060000 0.003000 0.087000
-0.801422 -0.348222 -0.486276 0.199000 0.060000 0.003000 0.087000
0.801132 0.348701 0.486411 0.199000 0.060000 0.003000 0.087000
-0.426625 0.771888 -0.471360 0.199000 0.060000 0.003000 0.087000
0.425865 -0.772243 0.471466 0.199000 0.060000 0.003000 0.087000
0.000000 0.000000 0.000000 0.000000 0.000000 0.000000 0.087000
-0.207823 -0.773500 -0.598755 0.199000 0.060000 0.003000 0.087000
0.206855 0.773677 0.598861 0.199000 0.060000 0.003000 0.087000
-0.706489 -0.444125 0.551022 0.199000 0.060000 0.003000 0.087000
0.706017 0.444135 -0.551619 0.199000 0.060000 0.003000 0.087000
-0.775626 0.057420 -0.628575 0.199000 0.060000 0.003000 0.087000
0.775299 -0.057503 0.628971 0.199000 0.060000 0.003000 0.087000
-0.760066 -0.087790 0.643889 0.199000 0.060000 0.003000 0.087000
0.759704 0.087915 -0.644298 0.199000 0.060000 0.003000 0.087000
-0.126929 0.688424 0.714116 0.199000 0.060000 0.003000 0.087000
0.126023 -0.688503 -0.714200 0.199000 0.060000 0.003000 0.087000
0.000000 0.000000 0.000000 0.000000 0.000000 0.000000 0.087000
-0.100722 -0.473983 0.874755 0.199000 0.060000 0.003000 0.087000
0.099841 0.474001 -0.874846 0.199000 0.060000 0.003000 0.087000
0.183076 -0.943232 0.277123 0.199000 0.060000 0.003000 0.087000
-0.183781 0.943115 -0.277053 0.199000 0.060000 0.003000 0.087000
-0.169608 0.243613 -0.954927 0.199000 0.060000 0.003000 0.087000
0.169008 -0.243665 0.955020 0.199000 0.060000 0.003000 0.087000
-0.881987 0.468136 0.054285 0.199000 0.060000 0.003000 0.087000
0.881769 -0.468535 -0.054399 0.199000 0.060000 0.003000 0.087000
-0.722315 -0.652996 -0.227721 0.199000 0.060000 0.003000 0.087000
0.721873 0.653380 0.228023 0.199000 0.060000 0.003000 0.087000
0.000000 0.000000 0.000000 0.000000 0.000000 0.000000 0.087000
-0.716953 0.579941 0.386842 0.199000 0.060000 0.003000 0.087000
0.716498 -0.580183 -0.387322 0.199000 0.060000 0.003000 0.087000
-0.047100 0.932481 0.358134 0.199000 0.060000 0.003000 0.087000
0.045862 -0.932527 -0.358176 0.199000 0.060000 0.003000 0.087000
0.229814 0.484268 0.844198 0.199000 0.060000 0.003000 0.087000
-0.230463 -0.484125 -0.844103 0.199000 0.060000 0.003000 0.087000
-0.886560 0.341746 -0.311803 0.199000 0.060000 0.003000 0.087000
0.886310 -0.341830 0.312420 0.199000 0.060000 0.003000 0.087000
-0.471776 0.115250 0.874154 0.199000 0.060000 0.003000 0.087000
0.470639 -0.115410 -0.874745 0.199000 0.060000 0.003000 0.087000
0.000000 0.000000 0.000000 0.000000 0.000000 0.000000 0.127000
0.000000 0.000000 0.000000 0.000000 0.000000 0.000000 0.127000
-0.929637 -0.215376 0.298979 0.291000 0.100000 0.003000 0.127000
0.929587 0.215588 -0.298983 0.291000 0.100000 0.003000 0.127000
-0.385163 -0.873580 -0.297503 0.291000 0.100000 0.003000 0.127000
0.384508 0.873850 0.297557 0.291000 0.100000 0.003000 0.127000
0.039567 -0.773999 0.631949 0.291000 0.100000 0.003000 0.127000
-0.040443 0.773970 -0.631930 0.291000 0.100000 0.003000 0.127000
0.209397 0.133906 0.968619 0.291000 0.100000 0.003000 0.127000
-0.210011 -0.133870 -0.968491 0.291000 0.100000 0.003000 0.127000
-0.611947 0.787605 0.072108 0.291000 0.100000 0.003000 0.127000
0.611464 -0.787974 -0.072176 0.291000 0.100000 0.003000 0.127000
0.000000 0.000000 0.000000 0.000000 0.000000 0.000000 0.127000
0.463719 0.290043 -0.837162 0.291000 0.100000 0.003000 0.127000
-0.464147 -0.290054 0.836921 0.291000 0.100000 0.003000 0.127000
-0.996902 0.076142 0.019740 0.291000 0.100000 0.003000 0.127000
0.996894 -0.076237 -0.019765 0.291000 0.100000 0.003000 0.127000
-0.544877 -0.598135 -0.587660 0.291000 0.100000 0.003000 0.127000
0.544486 0.598317 0.587836 0.291000 0.100000 0.003000 0.127000
-0.501674 -0.863894 0.044835 0.291000 0.100000 0.003000 0.127000
0.501305 0.864107 -0.044854 0.291000 0.100000 0.003000 0.127000
-0.116383 -0.993143 -0.011005 0.291000 0.100000 0.003000 0.127000
0.115779 0.993214 0.011007 0.291000 0.100000 0.003000 0.127000
0.000000 0.000000 0.000000 0.000000 0.000000 0.000000 0.127000
-0.946135 -0.037961 -0.321539 0.291000 0.100000 0.003000 0.127000
0.946011 0.038003 0.321899 0.291000 0.100000 0.003000 0.127000
-0.163496 -0.062227 0.984579 0.291000 0.100000 0.003000 0.127000
0.162845 0.062189 -0.984690 0.291000 0.100000 0.003000 0.127000
-0.198641 -0.911975 0.358948 0.291000 0.100000 0.003000 0.127000
0.197953 0.912109 -0.358987 0.291000 0.100000 0.003000 0.127000
-0.321168 0.546721 -0.773270 0.291000 0.100000 0.003000 0.127000
0.320558 -0.546868 0.773419 0.291000 0.100000 0.003000 0.127000
-0.937490 -0.336895 -0.087261 0.291000 0.100000 0.003000 0.127000
0.937348 0.337265 0.087357 0.291000 0.100000 0.003000 0.127000
0.000000 0.000000 0.000000 0.000000 0.000000 0.000000 0.127000
-0.446755 0.519950 0.728054 0.291000 0.100000 0.003000 0.127000
0.446298 -0.520056 -0.728258 0.291000 0.100000 0.003000 0.127000
-0.691333 0.675986 -0.255151 0.291000 0.100000 0.003000 0.127000
0.690981 -0.676345 0.255152 0.291000 0.100000 0.003000 0.127000
-0.800707 -0.576645 0.162325 0.291000 0.100000 0.003000 0.127000
0.800398 0.577023 -0.162502 0.291000 0.100000 0.003000 0.127000
-0.404451 0.804438 0.435085 0.291000 0.100000 0.003000 0.127000
0.404071 -0.804557 -0.435218 0.291000 0.100000 0.003000 0.127000
-0.348455 -0.648259 0.677008 0.291000 0.100000 0.003000 0.127000
0.347950 0.648387 -0.677145 0.291000 0.100000 0.003000 0.127000
0.000000 0.000000 0.000000 0.000000 0.000000 0.000000 0.127000
-0.557250 -0.246709 -0.792847 0.291000 0.100000 0.003000 0.127000
0.556887 0.246672 0.793114 0.291000 0.100000 0.003000 0.127000
-0.139432 0.340665 0.929788 0.291000 0.100000 0.003000 0.127000
0.138771 -0.340687 -0.929879 0.291000 0.100000 0.003000 0.127000
-0.506050 0.155429 -0.848384 0.291000 0.100000 0.003000 0.127000
0.505532 -0.155387 0.848700 0.291000 0.100000 0.003000 0.127000
-0.915973 0.189853 0.353482 0.291000 0.100000 0.003000 0.127000
0.915904 -0.189824 -0.353677 0.291000 0.100000 0.003000 0.127000
-0.543762 -0.745190 0.386024 0.291000 0.100000 0.003000 0.127000
0.543378 0.745444 -0.386074 0.291000 0.100000 0.003000 0.127000
0.000000 0.000000 0.000000 0.000000 0.000000 0.000000 0.127000
-0.713295 0.289292 0.638373 0.291000 0.100000 0.003000 0.127000
0.712975 -0.289409 -0.638678 0.291000 0.100000 0.003000 0.127000
-0.656851 0.449505 -0.605385 0.291000 0.100000 0.003000 0.127000
0.656573 -0.449616 0.605605 0.291000 0.100000 0.003000 0.127000
0.297504 -0.952913 -0.058726 0.291000 0.100000 0.003000 0.127000
-0.298078 0.952735 0.058704 0.291000 0.100000 0.003000 0.127000
-0.801399 -0.348463 -0.486140 0.291000 0.100000 0.003000 0.127000
0.801205 0.348568 0.486386 0.291000 0.100000 0.003000 0.127000
-0.426618 0.772103 -0.471014 0.291000 0.100000 0.003000 0.127000
0.426153 -0.772313 0.471090 0.291000 0.100000 0.003000 0.127000
0.000000 0.000000 0.000000 0.000000 0.000000 0.000000 0.127000
-0.207899 -0.773569 -0.598639 0.291000 0.100000 0.003000 0.127000
0.207225 0.773665 0.598749 0.291000 0.100000 0.003000 0.127000
-0.706285 -0.444114 0.551293 0.291000 0.100000 0.003000 0.127000
0.706063 0.444227 -0.551486 0.291000 0.100000 0.003000 0.127000
-0.775796 0.057609 -0.628349 0.291000 0.100000 0.003000 0.127000
0.775586 -0.057677 0.628601 0.291000 0.100000 0.003000 0.127000
-0.760142 -0.087649 0.643818 0.291000 0.100000 0.003000 0.127000
0.759872 0.087724 -0.644126 0.291000 0.100000 0.003000 0.127000
-0.127008 0.688236 0.714283 0.291000 0.100000 0.003000 0.127000
0.126337 -0.688274 -0.714365 0.291000 0.100000 0.003000 0.127000
0.000000 0.000000 0.000000 0.000000 0.000000 0.000000 0.127000
-0.100765 -0.474100 0.874686 0.291000 0.100000 0.003000 0.127000
0.100084 0.474135 -0.874745 0.291000 0.100000 0.003000 0.127000
0.182885 -0.943296 0.277031 0.291000 0.100000 0.003000 0.127000
-0.183571 0.943167 -0.277017 0.291000 0.100000 0.003000 0.127000
-0.169497 0.243770 -0.954907 0.291000 0.100000 0.003000 0.127000
0.169165 -0.243797 0.954959 0.291000 0.100000 0.003000 0.127000
-0.881934 0.468253 0.054150 0.291000 0.100000 0.003000 0.127000
0.881688 -0.468708 -0.054203 0.291000 0.100000 0.003000 0.127000
-0.722294 -0.652989 -0.227808 0.291000 0.100000 0.003000 0.127000
0.721982 0.653342 0.227784 0.291000 0.100000 0.003000 0.127000
0.000000 0.000000 0.000000 0.000000 0.000000 0.000000 0.127000
-0.717003 0.579910 0.386796 0.291000 0.100000 0.003000 0.127000
0.716684 -0.580217 -0.386926 0.291000 0.100000 0.003000 0.127000
-0.046944 0.932577 0.357905 0.291000 0.100000 0.003000 0.127000
0.046252 -0.932609 -0.357913 0.291000 0.100000 0.003000 0.127000
0.229833 0.484121 0.844277 0.291000 0.100000 0.003000 0.127000
-0.230273 -0.484092 -0.844174 0.291000 0.100000 0.003000 0.127000
-0.886468 0.341709 -0.312104 0.291000 0.100000 0.003000 0.127000
0.886407 -0.341808 0.312170 0.291000 0.100000 0.003000 0.127000
-0.471315 0.115414 0.874381 0.291000 0.100000 0.003000 0.127000
0.471048 -0.115452 -0.874519 0.291000 0.100000 0.003000 0.127000
0.000000 0.000000 0.000000 0.000000 0.000000 0.000000 0.058000
0.000000 0.000000 0.000000 0.000000 0.000000 0.000000 0.058000
-0.929694 -0.215479 0.298726 0.095000 0.022000 0.008000 0.058000
0.929378 0.215946 -0.299373 0.095000 0.022000 0.008000 0.058000
-0.386624 -0.873002 -0.297304 0.095000 0.022000 0.008000 0.058000
0.384267 0.873834 0.297915 0.095000 0.022000 0.008000 0.058000
0.039054 -0.773983 0.632001 0.095000 0.022000 0.008000 0.058000
-0.040981 0.773964 -0.631902 0.095000 0.022000 0.008000 0.058000
0.208901 0.134134 0.968694 0.095000 0.022000 0.008000 0.058000
-0.211610 -0.133980 -0.968127 0.095000 0.022000 0.008000 0.058000
-0.612339 0.787205 0.073137 0.095000 0.022000 0.008000 0.058000
0.610885 -0.788312 -0.073382 0.095000 0.022000 0.008000 0.058000
0.000000 0.000000 0.000000 0.000000 0.000000 0.000000 0.058000
0.463761 0.290584 -0.836951 0.095000 0.022000 0.008000 0.058000
-0.464950 -0.290020 0.836487 0.095000 0.022000 0.008000 0.058000
-0.996972 0.075120 0.020106 0.095000 0.022000 0.008000 0.058000
0.996957 -0.075306 -0.020156 0.095000 0.022000 0.008000 0.058000
-0.545181 -0.598486 -0.587020 0.095000 0.022000 0.008000 0.058000
0.543615 0.598543 0.588411 0.095000 0.022000 0.008000 0.058000
-0.502273 -0.863605 0.043691 0.095000 0.022000 0.008000 0.058000
0.500263 0.864765 -0.043812 0.095000 0.022000 0.008000 0.058000
-0.115580 -0.993246 -0.010211 0.095000 0.022000 0.008000 0.058000
0.115580 0.993246 0.010211 0.095000 0.022000 0.008000 0.058000
0.000000 0.000000 0.000000 0.000000 0.000000 0.000000 0.058000
-0.946273 -0.037138 -0.321229 0.095000 0.022000 0.008000 0.058000
0.945777 0.037306 0.322668 0.095000 0.022000 0.008000 0.058000
-0.164906 -0.063404 0.984269 0.095000 0.022000 0.008000 0.058000
0.162577 0.063456 -0.984653 0.095000 0.022000 0.008000 0.058000
-0.200086 -0.911573 0.359165 0.095000 0.022000 0.008000 0.058000
0.197160 0.912227 -0.359122 0.095000 0.022000 0.008000 0.058000
-0.321789 0.546717 -0.773015 0.095000 0.022000 0.008000 0.058000
0.320255 -0.547398 0.773171 0.095000 0.022000 0.008000 0.058000
-0.937220 -0.337474 -0.087923 0.095000 0.022000 0.008000 0.058000
0.937573 0.336404 0.088255 0.095000 0.022000 0.008000 0.058000
0.000000 0.000000 0.000000 0.000000 0.000000 0.000000 0.058000
-0.447265 0.519572 0.728010 0.095000 0.022000 0.008000 0.058000
0.446371 -0.519831 -0.728374 0.095000 0.022000 0.008000 0.058000
-0.691921 0.675271 -0.255449 0.095000 0.022000 0.008000 0.058000
0.690991 -0.676674 0.254251 0.095000 0.022000 0.008000 0.058000
-0.801118 -0.576259 0.161666 0.095000 0.022000 0.008000 0.058000
0.800401 0.577182 -0.161924 0.095000 0.022000 0.008000 0.058000
-0.405034 0.803860 0.435610 0.095000 0.022000 0.008000 0.058000
0.403455 -0.804897 -0.435160 0.095000 0.022000 0.008000 0.058000
-0.350213 -0.648056 0.676295 0.095000 0.022000 0.008000 0.058000
0.346943 0.648878 -0.677191 0.095000 0.022000 0.008000 0.058000
0.000000 0.000000 0.000000 0.000000 0.000000 0.000000 0.058000
-0.556928 -0.245775 -0.793364 0.095000 0.022000 0.008000 0.058000
0.556173 0.246318 0.793725 0.095000 0.022000 0.008000 0.058000
-0.139719 0.340705 0.929730 0.095000 0.022000 0.008000 0.058000
0.137483 -0.340924 -0.929983 0.095000 0.022000 0.008000 0.058000
-0.506589 0.155340 -0.848078 0.095000 0.022000 0.008000 0.058000
0.504609 -0.155776 0.849178 0.095000 0.022000 0.008000 0.058000
-0.915667 0.190413 0.353973 0.095000 0.022000 0.008000 0.058000
0.916219 -0.188994 -0.353304 0.095000 0.022000 0.008000 0.058000
-0.544477 -0.744566 0.386222 0.095000 0.022000 0.008000 0.058000
0.543518 0.745117 -0.386508 0.095000 0.022000 0.008000 0.058000
0.000000 0.000000 0.000000 0.000000 0.000000 0.000000 0.058000
-0.713559 0.290410 0.637570 0.095000 0.022000 0.008000 0.058000
0.712695 -0.289294 -0.639042 0.095000 0.022000 0.008000 0.058000
-0.656777 0.449383 -0.605556 0.095000 0.022000 0.008000 0.058000
0.655843 -0.449868 0.606209 0.095000 0.022000 0.008000 0.058000
0.296630 -0.953240 -0.057836 0.095000 0.022000 0.008000 0.058000
-0.299269 0.952420 0.057742 0.095000 0.022000 0.008000 0.058000
-0.800856 -0.349196 -0.486510 0.095000 0.022000 0.008000 0.058000
0.800138 0.349756 0.487289 0.095000 0.022000 0.008000 0.058000
-0.426737 0.771693 -0.471577 0.095000 0.022000 0.008000 0.058000
0.423885 -0.773022 0.471974 0.095000 0.022000 0.008000 0.058000
0.000000 0.000000 0.000000 0.000000 0.000000 0.000000 0.058000
-0.207761 -0.773550 -0.598712 0.095000 0.022000 0.008000 0.058000
0.206391 0.774031 0.598565 0.095000 0.022000 0.008000 0.058000
-0.706374 -0.444210 0.551102 0.095000 0.022000 0.008000 0.058000
0.705486 0.443694 -0.552653 0.095000 0.022000 0.008000 0.058000
-0.776001 0.057024 -0.628149 0.095000 0.022000 0.008000 0.058000
0.775228 -0.057108 0.629095 0.095000 0.022000 0.008000 0.058000
-0.760521 -0.088782 0.643215 0.095000 0.022000 0.008000 0.058000
0.759720 0.088910 -0.644143 0.095000 0.022000 0.008000 0.058000
-0.126710 0.687992 0.714570 0.095000 0.022000 0.008000 0.058000
0.126399 -0.688020 -0.714599 0.095000 0.022000 0.008000 0.058000
0.000000 0.000000 0.000000 0.000000 0.000000 0.000000 0.058000
-0.100051 -0.474400 0.874605 0.095000 0.022000 0.008000 0.058000
0.100051 0.474400 -0.874605 0.095000 0.022000 0.008000 0.058000
0.182378 -0.943102 0.278024 0.095000 0.022000 0.008000 0.058000
-0.182819 0.943023 -0.278000 0.095000 0.022000 0.008000 0.058000
-0.170474 0.243641 -0.954766 0.095000 0.022000 0.008000 0.058000
0.167239 -0.243482 0.955378 0.095000 0.022000 0.008000 0.058000
-0.882366 0.467494 0.053657 0.095000 0.022000 0.008000 0.058000
0.881385 -0.469318 -0.053865 0.095000 0.022000 0.008000 0.058000
-0.721909 -0.653147 -0.228576 0.095000 0.022000 0.008000 0.058000
0.721111 0.653734 0.229414 0.095000 0.022000 0.008000 0.058000
0.000000 0.000000 0.000000 0.000000 0.000000 0.000000 0.058000
-0.716735 0.580501 0.386405 0.095000 0.022000 0.008000 0.058000
0.715902 -0.580663 -0.387705 0.095000 0.022000 0.008000 0.058000
-0.048292 0.932295 0.358461 0.095000 0.022000 0.008000 0.058000
0.045973 -0.932382 -0.358538 0.095000 0.022000 0.008000 0.058000
0.228293 0.484048 0.844737 0.095000 0.022000 0.008000 0.058000
-0.231266 -0.483885 -0.844021 0.095000 0.022000 0.008000 0.058000
-0.886474 0.341244 -0.312596 0.095000 0.022000 0.008000 0.058000
0.885999 -0.341915 0.313210 0.095000 0.022000 0.008000 0.058000
-0.471603 0.114732 0.874315 0.095000 0.022000 0.008000 0.058000
0.470688 -0.114795 -0.874800 0.095000 0.022000 0.008000 0.058000
0.000000 0.000000 0.000000 0.000000 0.000000 0.000000 0.092000
0.000000 0.000000 0.000000 0.000000 0.000000 0.000000 0.092000
-0.929694 -0.215479 0.298726 0.100000 0.060000 0.008000 0.092000
0.929378 0.215946 -0.299373 0.100000 0.060000 0.008000 0.092000
-0.386624 -0.873002 -0.297304 0.100000 0.060000 0.008000 0.092000
0.384267 0.873834 0.297915 0.100000 0.060000 0.008000 0.092000
0.039054 -0.773983 0.632001 0.100000 0.060000 0.008000 0.092000
-0.040981 0.773964 -0.631902 0.100000 0.060000 0.008000 0.092000
0.208901 0.134134 0.968694 0.100000 0.060000 0.008000 0.092000
-0.211610 -0.133980 -0.968127 0.100000 0.060000 0.008000 0.092000
-0.612339 0.787205 0.073137 0.100000 0.060000 0.008000 0.092000
0.610885 -0.788312 -0.073382 0.100000 0.060000 0.008000 0.092000
0.000000 0.000000 0.000000 0.000000 0.000000 0.000000 0.092000
0.463761 0.290584 -0.836951 0.100000 0.060000 0.008000 0.092000
-0.464950 -0.290020 0.836487 0.100000 0.060000 0.008000 0.092000
-0.996972 0.075120 0.020106 0.100000 0.060000 0.008000 0.092000
0.996957 -0.075306 -0.020156 0.100000 0.060000 0.008000 0.092000
-0.545181 -0.598486 -0.587020 0.100000 0.060000 0.008000 0.092000
0.543615 0.598543 0.588411 0.100000 0.060000 0.008000 0.092000
-0.502273 -0.863605 0.043691 0.100000 0.060000 0.008000 0.092000
0.500263 0.864765 -0.043812 0.100000 0.060000 0.008000 0.092000
-0.115580 -0.993246 -0.010211 0.100000 0.060000 0.008000 0.092000
0.115580 0.993246 0.010211 0.100000 0.060000 0.008000 0.092000
0.000000 0.000000 0.000000 0.000000 0.000000 0.000000 0.092000
-0.946273 -0.037138 -0.321229 0.100000 0.060000 0.008000 0.092000
0.945777 0.037306 0.322668 0.100000 0.060000 0.008000 0.092000
-0.164906 -0.063404 0.984269 0.100000 0.060000 0.008000 0.092000
0.162577 0.063456 -0.984653 0.100000 0.060000 0.008000 0.092000
-0.200086 -0.911573 0.359165 0.100000 0.060000 0.008000 0.092000
0.197160 0.912227 -0.359122 0.100000 0.060000 0.008000 0.092000
-0.321789 0.546717 -0.773015 0.100000 0.060000 0.008000 0.092000
0.320255 -0.547398 0.773171 0.100000 0.060000 0.008000 0.092000
-0.937220 -0.337474 -0.087923 0.100000 0.060000 0.008000 0.092000
0.937573 0.336404 0.088255 0.100000 0.060000 0.008000 0.092000
0.000000 0.000000 0.000000 0.000000 0.000000 0.000000 0.092000
-0.447265 0.519572 0.728010 0.100000 0.060000 0.008000 0.092000
0.446371 -0.519831 -0.728374 0.100000 0.060000 0.008000 0.092000
-0.691921 0.675271 -0.255449 0.100000 0.060000 0.008000 0.092000
0.690991 -0.676674 0.254251 0.100000 0.060000 0.008000 0.092000
-0.801118 -0.576259 0.161666 0.100000 0.060000 0.008000 0.092000
0.800401 0.577182 -0.161924 0.100000 0.060000 0.008000 0.092000
-0.405034 0.803860 0.435610 0.100000 0.060000 0.008000 0.092000
0.403455 -0.804897 -0.435160 0.100000 0.060000 0.008000 0.092000
-0.350213 -0.648056 0.676295 0.100000 0.060000 0.008000 0.092000
0.346943 0.648878 -0.677191 0.100000 0.060000 0.008000 0.092000
0.000000 0.000000 0.000000 0.000000 0.000000 0.000000 0.092000
-0.556928 -0.245775 -0.793364 0.100000 0.060000 0.008000 0.092000
0.556173 0.246318 0.793725 0.100000 0.060000 0.008000 0.092000
-0.139719 0.340705 0.929730 0.100000 0.060000 0.008000 0.092000
0.137483 -0.340924 -0.929983 0.100000 0.060000 0.008000 0.092000
-0.506589 0.155340 -0.848078 0.100000 0.060000 0.008000 0.092000
0.504609 -0.155776 0.849178 0.100000 0.060000 0.008000 0.092000
-0.915667 0.190413 0.353973 0.100000 0.060000 0.008000 0.092000
0.916219 -0.188994 -0.353304 0.100000 0.060000 0.008000 0.092000
-0.544477 -0.744566 0.386222 0.100000 0.060000 0.008000 0.092000
0.543518 0.745117 -0.386508 0.100000 0.060000 0.008000 0.092000
0.000000 0.000000 0.000000 0.000000 0.000000 0.000000 0.092000
-0.713559 0.290410 0.637570 0.100000 0.060000 0.008000 0.092000
0.712695 -0.289294 -0.639042 0.100000 0.060000 0.008000 0.092000
-0.656777 0.449383 -0.605556 0.100000 0.060000 0.008000 0.092000
0.655843 -0.449868 0.606209 0.100000 0.060000 0.008000 0.092000
0.296630 -0.953240 -0.057836 0.100000 0.060000 0.008000 0.092000
-0.299269 0.952420 0.057742 0.100000 0.060000 0.008000 0.092000
-0.800856 -0.349196 -0.486510 0.100000 0.060000 0.008000 0.092000
0.800138 0.349756 0.487289 0.100000 0.060000 0.008000 0.092000
-0.426737 0.771693 -0.471577 0.100000 0.060000 0.008000 0.092000
0.423885 -0.773022 0.471974 0.100000 0.060000 0.008000 0.092000
0.000000 0.000000 0.000000 0.000000 0.000000 0.000000 0.092000
-0.207761 -0.773550 -0.598712 0.100000 0.060000 0.008000 0.092000
0.206391 0.774031 0.598565 0.100000 0.060000 0.008000 0.092000
-0.706374 -0.444210 0.551102 0.100000 0.060000 0.008000 0.092000
0.705486 0.443694 -0.552653 0.100000 0.060000 0.008000 0.092000
-0.776001 0.057024 -0.628149 0.100000 0.060000 0.008000 0.092000
0.775228 -0.057108 0.629095 0.100000 0.060000 0.008000 0.092000
-0.760521 -0.088782 0.643215 0.100000 0.060000 0.008000 0.092000
0.759720 0.088910 -0.644143 0.100000 0.060000 0.008000 0.092000
-0.126710 0.687992 0.714570 0.100000 0.060000 0.008000 0.092000
0.126399 -0.688020 -0.714599 0.100000 0.060000 0.008000 0.092000
0.000000 0.000000 0.000000 0.000000 0.000000 0.000000 0.092000
-0.100051 -0.474400 0.874605 0.100000 0.060000 0.008000 0.092000
0.100051 0.474400 -0.874605 0.100000 0.060000 0.008000 0.092000
0.182378 -0.943102 0.278024 0.100000 0.060000 0.008000 0.092000
-0.182819 0.943023 -0.278000 0.100000 0.060000 0.008000 0.092000
-0.170474 0.243641 -0.954766 0.100000 0.060000 0.008000 0.092000
0.167239 -0.243482 0.955378 0.100000 0.060000 0.008000 0.092000
-0.882366 0.467494 0.053657 0.100000 0.060000 0.008000 0.092000
0.881385 -0.469318 -0.053865 0.100000 0.060000 0.008000 0.092000
-0.721909 -0.653147 -0.228576 0.100000 0.060000 0.008000 0.092000
0.721111 0.653734 0.229414 0.100000 0.060000 0.008000 0.092000
0.000000 0.000000 0.000000 0.000000 0.000000 0.000000 0.092000
-0.716735 0.580501 0.386405 0.100000 0.060000 0.008000 0.092000
0.715902 -0.580663 -0.387705 0.100000 0.060000 0.008000 0.092000
-0.048292 0.932295 0.358461 0.100000 0.060000 0.008000 0.092000
0.045973 -0.932382 -0.358538 0.100000 0.060000 0.008000 0.092000
0.228293 0.484048 0.844737 0.100000 0.060000 0.008000 0.092000
-0.231266 -0.483885 -0.844021 0.100000 0.060000 0.008000 0.092000
-0.886474 0.341244 -0.312596 0.100000 0.060000 0.008000 0.092000
0.885999 -0.341915 0.313210 0.100000 0.060000 0.008000 0.092000
-0.471603 0.114732 0.874315 0.100000 0.060000 0.008000 0.092000
0.470688 -0.114795 -0.874800 0.100000 0.060000 0.008000 0.092000
0.000000 0.000000 0.000000 0.000000 0.000000 0.000000 0.132000
0.000000 0.000000 0.000000 0.000000 0.000000 0.000000 0.132000
-0.929654 -0.215671 0.298713 0.200000 0.100000 0.008000 0.132000
0.929506 0.215481 -0.299310 0.200000 0.100000 0.008000 0.132000
-0.385320 -0.873494 -0.297552 0.200000 0.100000 0.008000 0.132000
0.384552 0.873848 0.297503 0.200000 0.100000 0.008000 0.132000
0.039379 -0.773868 0.632122 0.200000 0.100000 0.008000 0.132000
-0.040314 0.773837 -0.632100 0.200000 0.100000 0.008000 0.132000
0.209346 0.133597 0.968672 0.200000 0.100000 0.008000 0.132000
-0.209935 -0.133560 -0.968550 0.200000 0.100000 0.008000 0.132000
-0.611899 0.787659 0.071921 0.200000 0.100000 0.008000 0.132000
0.611512 -0.787954 -0.071985 0.200000 0.100000 0.008000 0.132000
0.000000 0.000000 0.000000 0.000000 0.000000 0.000000 0.132000
0.463608 0.290078 -0.837211 0.200000 0.100000 0.008000 0.132000
-0.464168 -0.289886 0.836967 0.200000 0.100000 0.008000 0.132000
-0.996893 0.076181 0.020035 0.200000 0.100000 0.008000 0.132000
0.996880 -0.076332 -0.020075 0.200000 0.100000 0.008000 0.132000
-0.545199 -0.597957 -0.587542 0.200000 0.100000 0.008000 0.132000
0.544367 0.598346 0.587918 0.200000 0.100000 0.008000 0.132000
-0.501929 -0.863746 0.044826 0.200000 0.100000 0.008000 0.132000
0.501107 0.864221 -0.044885 0.200000 0.100000 0.008000 0.132000
-0.116721 -0.993099 -0.011406 0.200000 0.100000 0.008000 0.132000
0.115433 0.993250 0.011409 0.200000 0.100000 0.008000 0.132000
0.000000 0.000000 0.000000 0.000000 0.000000 0.000000 0.132000
-0.946111 -0.037932 -0.321613 0.200000 0.100000 0.008000 0.132000
0.946082 0.038015 0.321688 0.200000 0.100000 0.008000 0.132000
-0.163818 -0.062268 0.984523 0.200000 0.100000 0.008000 0.132000
0.162575 0.062295 -0.984728 0.200000 0.100000 0.008000 0.132000
-0.198734 -0.912023 0.358773 0.200000 0.100000 0.008000 0.132000
0.198174 0.912111 -0.358860 0.200000 0.100000 0.008000 0.132000
-0.321568 0.546795 -0.773052 0.200000 0.100000 0.008000 0.132000
0.320678 -0.546928 0.773328 0.200000 0.100000 0.008000 0.132000
-0.937509 -0.336819 -0.087352 0.200000 0.100000 0.008000 0.132000
0.937357 0.337213 0.087455 0.200000 0.100000 0.008000 0.132000
0.000000 0.000000 0.000000 0.000000 0.000000 0.000000 0.132000
-0.446988 0.520137 0.727777 0.200000 0.100000 0.008000 0.132000
0.446011 -0.520364 -0.728214 0.200000 0.100000 0.008000 0.132000
-0.691424 0.675819 -0.255348 0.200000 0.100000 0.008000 0.132000
0.690935 -0.676408 0.255110 0.200000 0.100000 0.008000 0.132000
-0.800905 -0.576431 0.162107 0.200000 0.100000 0.008000 0.132000
0.800438 0.576992 -0.162415 0.200000 0.100000 0.008000 0.132000
-0.404531 0.804432 0.435022 0.200000 0.100000 0.008000 0.132000
0.403944 -0.804599 -0.435258 0.200000 0.100000 0.008000 0.132000
-0.348480 -0.648284 0.676971 0.200000 0.100000 0.008000 0.132000
0.347606 0.648503 -0.677210 0.200000 0.100000 0.008000 0.132000
0.000000 0.000000 0.000000 0.000000 0.000000 0.000000 0.132000
-0.557390 -0.246344 -0.792862 0.200000 0.100000 0.008000 0.132000
0.556934 0.246540 0.793122 0.200000 0.100000 0.008000 0.132000
-0.139671 0.340496 0.929814 0.200000 0.100000 0.008000 0.132000
0.138479 -0.340614 -0.929949 0.200000 0.100000 0.008000 0.132000
-0.505917 0.155496 -0.848451 0.200000 0.100000 0.008000 0.132000
0.505389 -0.155611 0.848744 0.200000 0.100000 0.008000 0.132000
-0.916060 0.189824 0.353271 0.200000 0.100000 0.008000 0.132000
0.915925 -0.190225 -0.353406 0.200000 0.100000 0.008000 0.132000
-0.543854 -0.745114 0.386041 0.200000 0.100000 0.008000 0.132000
0.543290 0.745510 -0.386072 0.200000 0.100000 0.008000 0.132000
0.000000 0.000000 0.000000 0.000000 0.000000 0.000000 0.132000
-0.713329 0.289424 0.638276 0.200000 0.100000 0.008000 0.132000
0.712865 -0.289225 -0.638884 0.200000 0.100000 0.008000 0.132000
-0.657098 0.449210 -0.605337 0.200000 0.100000 0.008000 0.132000
0.656545 -0.449707 0.605568 0.200000 0.100000 0.008000 0.132000
0.297423 -0.952938 -0.058723 0.200000 0.100000 0.008000 0.132000
-0.297946 0.952776 0.058700 0.200000 0.100000 0.008000 0.132000
-0.801422 -0.348222 -0.486276 0.200000 0.100000 0.008000 0.132000
0.801132 0.348701 0.486411 0.200000 0.100000 0.008000 0.132000
-0.426625 0.771888 -0.471360 0.200000 0.100000 0.008000 0.132000
0.425865 -0.772243 0.471466 0.200000 0.100000 0.008000 0.132000
0.000000 0.000000 0.000000 0.000000 0.000000 0.000000 0.132000
-0.207823 -0.773500 -0.598755 0.200000 0.100000 0.008000 0.132000
0.206855 0.773677 0.598861 0.200000 0.100000 0.008000 0.132000
-0.706489 -0.444125 0.551022 0.200000 0.100000 0.008000 0.132000
0.706017 0.444135 -0.551619 0.200000 0.100000 0.008000 0.132000
-0.775626 0.057420 -0.628575 0.200000 0.100000 0.008000 0.132000
0.775299 -0.057503 0.628971 0.200000 0.100000 0.008000 0.132000
-0.760066 -0.087790 0.643889 0.200000 0.100000 0.008000 0.132000
0.759704 0.087915 -0.644298 0.200000 0.100000 0.008000 0.132000
-0.126929 0.688424 0.714116 0.200000 0.100000 0.008000 0.132000
0.126023 -0.688503 -0.714200 0.200000 0.100000 0.008000 0.132000
0.000000 0.000000 0.000000 0.000000 0.000000 0.000000 0.132000
-0.100722 -0.473983 0.874755 0.200000 0.100000 0.008000 0.132000
0.099841 0.474001 -0.874846 0.200000 0.100000 0.008000 0.132000
0.183076 -0.943232 0.277123 0.200000 0.100000 0.008000 0.132000
-0.183781 0.943115 -0.277053 0.200000 0.100000 0.008000 0.132000
-0.169608 0.243613 -0.954927 0.200000 0.100000 0.008000 0.132000
0.169008 -0.243665 0.955020 0.200000 0.100000 0.008000 0.132000
-0.881987 0.468136 0.054285 0.200000 0.100000 0.008000 0.132000
0.881769 -0.468535 -0.054399 0.200000 0.100000 0.008000 0.132000
-0.722315 -0.652996 -0.227721 0.200000 0.100000 0.008000 0.132000
0.721873 0.653380 0.228023 0.200000 0.100000 0.008000 0.132000
0.000000 0.000000 0.000000 0.000000 0.000000 0.000000 0.132000
-0.716953 0.579941 0.386842 0.200000 0.100000 0.008000 0.132000
0.716498 -0.580183 -0.387322 0.200000 0.100000 0.008000 0.132000
-0.047100 0.932481 0.358134 0.200000 0.100000 0.008000 0.132000
0.045862 -0.932527 -0.358176 0.200000 0.100000 0.008000 0.132000
0.229814 0.484268 0.844198 0.200000 0.100000 0.008000 0.132000
-0.230463 -0.484125 -0.844103 0.200000 0.100000 0.008000 0.132000
-0.886560 0.341746 -0.311803 0.200000 0.100000 0.008000 0.132000
0.886310 -0.341830 0.312420 0.200000 0.100000 0.008000 0.132000
-0.471776 0.115250 0.874154 0.200000 0.100000 0.008000 0.132000
0.470639 -0.115410 -0.874745 0.200000 0.100000 0.008000 0.132000
0.000000 0.000000 0.000000 0.000000 0.000000 0.000000 0.067000
0.000000 0.000000 0.000000 0.000000 0.000000 0.000000 0.067000
-0.929694 -0.215479 0.298726 0.100000 0.040000 0.003000 0.067000
0.929378 0.215946 -0.299373 0.100000 0.040000 0.003000 0.067000
-0.386624 -0.873002 -0.297304 0.100000 0.040000 0.003000 0.067000
0.384267 0.873834 0.297915 0.100000 0.040000 0.003000 0.067000
0.039054 -0.773983 0.632001 0.100000 0.040000 0.003000 0.067000
-0.040981 0.773964 -0.631902 0.100000 0.040000 0.003000 0.067000
0.208901 0.134134 0.968694 0.100000 0.040000 0.003000 0.067000
-0.211610 -0.133980 -0.968127 0.100000 0.040000 0.003000 0.067000
-0.612339 0.787205 0.073137 0.100000 0.040000 0.003000 0.067000
0.610885 -0.788312 -0.073382 0.100000 0.040000 0.003000 0.067000
0.000000 0.000000 0.000000 0.000000 0.000000 0.000000 0.067000
0.463761 0.290584 -0.836951 0.100000 0.040000 0.003000 0.067000
-0.464950 -0.290020 0.836487 0.100000 0.040000 0.003000 0.067000
-0.996972 0.075120 0.020106 0.100000 0.040000 0.003000 0.067000
0.996957 -0.075306 -0.020156 0.100000 0.040000 0.003000 0.067000
-0.545181 -0.598486 -0.587020 0.100000 0.040000 0.003000 0.067000
0.543615 0.598543 0.588411 0.100000 0.040000 0.003000 0.067000
-0.502273 -0.863605 0.043691 0.100000 0.040000 0.003000 0.067000
0.500263 0.864765 -0.043812 0.100000 0.040000 0.003000 0.067000
-0.115580 -0.993246 -0.010211 0.100000 0.040000 0.003000 0.067000
0.115580 0.993246 0.010211 0.100000 0.040000 0.003000 0.067000
0.000000 0.000000 0.000000 0.000000 0.000000 0.000000 0.067000
-0.946273 -0.037138 -0.321229 0.100000 0.040000 0.003000 0.067000
0.945777 0.037306 0.322668 0.100000 0.040000 0.003000 0.067000
-0.164906 -0.063404 0.984269 0.100000 0.040000 0.003000 0.067000
0.162577 0.063456 -0.984653 0.100000 0.040000 0.003000 0.067000
-0.200086 -0.911573 0.359165 0.100000 0.040000 0.003000 0.067000
0.197160 0.912227 -0.359122 0.100000 0.040000 0.003000 0.067000
-0.321789 0.546717 -0.773015 0.100000 0.040000 0.003000 0.067000
0.320255 -0.547398 0.773171 0.100000 0.040000 0.003000 0.067000
-0.937220 -0.337474 -0.087923 0.100000 0.040000 0.003000 0.067000
0.937573 0.336404 0.088255 0.100000 0.040000 0.003000 0.067000
0.000000 0.000000 0.000000 0.000000 0.000000 0.000000 0.067000
-0.447265 0.519572 0.728010 0.100000 0.040000 0.003000 0.067000
0.446371 -0.519831 -0.728374 0.100000 0.040000 0.003000 0.067000
-0.691921 0.675271 -0.255449 0.100000 0.040000 0.003000 0.067000
0.690991 -0.676674 0.254251 0.100000 0.040000 0.003000 0.067000
-0.801118 -0.576259 0.161666 0.100000 0.040000 0.003000 0.067000
0.800401 0.577182 -0.161924 0.100000 0.040000 0.003000 0.067000
-0.405034 0.803860 0.435610 0.100000 0.040000 0.003000 0.067000
0.403455 -0.804897 -0.435160 0.100000 0.040000 0.003000 0.067000
-0.350213 -0.648056 0.676295 0.100000 0.040000 0.003000 0.067000
0.346943 0.648878 -0.677191 0.100000 0.040000 0.003000 0.067000
0.000000 0.000000 0.000000 0.000000 0.000000 0.000000 0.067000
-0.556928 -0.245775 -0.793364 0.100000 0.040000 0.003000 0.067000
0.556173 0.246318 0.793725 0.100000 0.040000 0.003000 0.067000
-0.139719 0.340705 0.929730 0.100000 0.040000 0.003000 0.067000
0.137483 -0.340924 -0.929983 0.100000 0.040000 0.003000 0.067000
-0.506589 0.155340 -0.848078 0.100000 0.040000 0.003000 0.067000
0.504609 -0.155776 0.849178 0.100000 0.040000 0.003000 0.067000
-0.915667 0.190413 0.353973 0.100000 0.040000 0.003000 0.067000
0.916219 -0.188994 -0.353304 0.100000 0.040000 0.003000 0.067000
-0.544477 -0.744566 0.386222 0.100000 0.040000 0.003000 0.067000
0.543518 0.745117 -0.386508 0.100000 0.040000 0.003000 0.067000
0.000000 0.000000 0.000000 0.000000 0.000000 0.000000 0.067000
-0.713559 0.290410 0.637570 0.100000 0.040000 0.003000 0.067000
0.712695 -0.289294 -0.639042 0.100000 0.040000 0.003000 0.067000
-0.656777 0.449383 -0.605556 0.100000 0.040000 0.003000 0.067000
0.655843 -0.449868 0.606209 0.100000 0.040000 0.003000 0.067000
0.296630 -0.953240 -0.057836 0.100000 0.040000 0.003000 0.067000
-0.299269 0.952420 0.057742 0.100000 0.040000 0.003000 0.067000
-0.800856 -0.349196 -0.486510 0.100000 0.040000 0.003000 0.067000
0.800138 0.349756 0.487289 0.100000 0.040000 0.003000 0.067000
-0.426737 0.771693 -0.471577 0.100000 0.040000 0.003000 0.067000
0.423885 -0.773022 0.471974 0.100000 0.040000 0.003000 0.067000
0.000000 0.000000 0.000000 0.000000 0.000000 0.000000 0.067000
-0.207761 -0.773550 -0.598712 0.100000 0.040000 0.003000 0.067000
0.206391 0.774031 0.598565 0.100000 0.040000 0.003000 0.067000
-0.706374 -0.444210 0.551102 0.100000 0.040000 0.003000 0.067000
0.705486 0.443694 -0.552653 0.100000 0.040000 0.003000 0.067000
-0.776001 0.057024 -0.628149 0.100000 0.040000 0.003000 0.067000
0.775228 -0.057108 0.629095 0.100000 0.040000 0.003000 0.067000
-0.760521 -0.088782 0.643215 0.100000 0.040000 0.003000 0.067000
0.759720 0.088910 -0.644143 0.100000 0.040000 0.003000 0.067000
-0.126710 0.687992 0.714570 0.100000 0.040000 0.003000 0.067000
0.126399 -0.688020 -0.714599 0.100000 0.040000 0.003000 0.067000
0.000000 0.000000 0.000000 0.000000 0.000000 0.000000 0.067000
-0.100051 -0.474400 0.874605 0.100000 0.040000 0.003000 0.067000
0.100051 0.474400 -0.874605 0.100000 0.040000 0.003000 0.067000
0.182378 -0.943102 0.278024 0.100000 0.040000 0.003000 0.067000
-0.182819 0.943023 -0.278000 0.100000 0.040000 0.003000 0.067000
-0.170474 0.243641 -0.954766 0.100000 0.040000 0.003000 0.067000
0.167239 -0.243482 0.955378 0.100000 0.040000 0.003000 0.067000
-0.882366 0.467494 0.053657 0.100000 0.040000 0.003000 0.067000
0.881385 -0.469318 -0.053865 0.100000 0.040000 0.003000 0.067000
-0.721909 -0.653147 -0.228576 0.100000 0.040000 0.003000 0.067000
0.721111 0.653734 0.229414 0.100000 0.040000 0.003000 0.067000
0.000000 0.000000 0.000000 0.000000 0.000000 0.000000 0.067000
-0.716735 0.580501 0.386405 0.100000 0.040000 0.003000 0.067000
0.715902 -0.580663 -0.387705 0.100000 0.040000 0.003000 0.067000
-0.048292 0.932295 0.358461 0.100000 0.040000 0.003000 0.067000
0.045973 -0.932382 -0.358538 0.100000 0.040000 0.003000 0.067000
0.228293 0.484048 0.844737 0.100000 0.040000 0.003000 0.067000
-0.231266 -0.483885 -0.844021 0.100000 0.040000 0.003000 0.067000
-0.886474 0.341244 -0.312596 0.100000 0.040000 0.003000 0.067000
0.885999 -0.341915 0.313210 0.100000 0.040000 0.003000 0.067000
-0.471603 0.114732 0.874315 0.100000 0.040000 0.003000 0.067000
0.470688 -0.114795 -0.874800 0.100000 0.040000 0.003000 0.067000
0.000000 0.000000 0.000000 0.000000 0.000000 0.000000 0.107000
0.000000 0.000000 0.000000 0.000000 0.000000 0.000000 0.107000
-0.929637 -0.215376 0.298979 0.291000 0.080000 0.003000 0.107000
0.929587 0.215588 -0.298983 0.291000 0.080000 0.003000 0.107000
-0.385163 -0.873580 -0.297503 0.291000 0.080000 0.003000 0.107000
0.384508 0.873850 0.297557 0.291000 0.080000 0.003000 0.107000
0.039567 -0.773999 0.631949 0.291000 0.080000 0.003000 0.107000
-0.040443 0.773970 -0.631930 0.291000 0.080000 0.003000 0.107000
0.209397 0.133906 0.968619 0.291000 0.080000 0.003000 0.107000
-0.210011 -0.133870 -0.968491 0.291000 0.080000 0.003000 0.107000
-0.611947 0.787605 0.072108 0.291000 0.080000 0.003000 0.107000
0.611464 -0.787974 -0.072176 0.291000 0.080000 0.003000 0.107000
0.000000 0.000000 0.000000 0.000000 0.000000 0.000000 0.107000
0.463719 0.290043 -0.837162 0.291000 0.080000 0.003000 0.107000
-0.464147 -0.290054 0.836921 0.291000 0.080000 0.003000 0.107000
-0.996902 0.076142 0.019740 0.291000 0.080000 0.003000 0.107000
0.996894 -0.076237 -0.019765 0.291000 0.080000 0.003000 0.107000
-0.544877 -0.598135 -0.587660 0.291000 0.080000 0.003000 0.107000
0.544486 0.598317 0.587836 0.291000 0.080000 0.003000 0.107000
-0.501674 -0.863894 0.044835 0.291000 0.080000 0.003000 0.107000
0.501305 0.864107 -0.044854 0.291000 0.080000 0.003000 0.107000
-0.116383 -0.993143 -0.011005 0.291000 0.080000 0.003000 0.107000
0.115779 0.993214 0.011007 0.291000 0.080000 0.003000 0.107000
0.000000 0.000000 0.000000 0.000000 0.000000 0.000000 0.107000
-0.946135 -0.037961 -0.321539 0.291000 0.080000 0.003000 0.107000
0.946011 0.038003 0.321899 0.291000 0.080000 0.003000 0.107000
-0.163496 -0.062227 0.984579 0.291000 0.080000 0.003000 0.107000
0.162845 0.062189 -0.984690 0.291000 0.080000 0.003000 0.107000
-0.198641 -0.911975 0.358948 0.291000 0.080000 0.003000 0.107000
0.197953 0.912109 -0.358987 0.291000 0.080000 0.003000 0.107000
-0.321168 0.546721 -0.773270 0.291000 0.080000 0.003000 0.107000
0.320558 -0.546868 0.773419 0.291000 0.080000 0.003000 0.107000
-0.937490 -0.336895 -0.087261 0.291000 0.080000 0.003000 0.107000
0.937348 0.337265 0.087357 0.291000 0.080000 0.003000 0.107000
0.000000 0.000000 0.000000 0.000000 0.000000 0.000000 0.107000
-0.446755 0.519950 0.728054 0.291000 0.080000 0.003000 0.107000
0.446298 -0.520056 -0.728258 0.291000 0.080000 0.003000 0.107000
-0.691333 0.675986 -0.255151 0.291000 0.080000 0.003000 0.107000
0.690981 -0.676345 0.255152 0.291000 0.080000 0.003000 0.107000
-0.800707 -0.576645 0.162325 0.291000 0.080000 0.003000 0.107000
0.800398 0.577023 -0.162502 0.291000 0.080000 0.003000 0.107000
-0.404451 0.804438 0.435085 0.291000 0.080000 0.003000 0.107000
0.404071 -0.804557 -0.435218 0.291000 0.080000 0.003000 0.107000
-0.348455 -0.648259 0.677008 0.291000 0.080000 0.003000 0.107000
0.347950 0.648387 -0.677145 0.291000 0.080000 0.003000 0.107000
0.000000 0.000000 0.000000 0.000000 0.000000 0.000000 0.107000
-0.557250 -0.246709 -0.792847 0.291000 0.080000 0.003000 0.107000
0.556887 0.246672 0.793114 0.291000 0.080000 0.003000 0.107000
-0.139432 0.340665 0.929788 0.291000 0.080000 0.003000 0.107000
0.138771 -0.340687 -0.929879 0.291000 0.080000 0.003000 0.107000
-0.506050 0.155429 -0.848384 0.291000 0.080000 0.003000 0.107000
0.505532 -0.155387 0.848700 0.291000 0.080000 0.003000 0.107000
-0.915973 0.189853 0.353482 0.291000 0.080000 0.003000 0.107000
0.915904 -0.189824 -0.353677 0.291000 0.080000 0.003000 0.107000
-0.543762 -0.745190 0.386024 0.291000 0.080000 0.003000 0.107000
0.543378 0.745444 -0.386074 0.291000 0.080000 0.003000 0.107000
0.000000 0.000000 0.000000 0.000000 0.000000 0.000000 0.107000
-0.713295 0.289292 0.638373 0.291000 0.080000 0.003000 0.107000
0.712975 -0.289409 -0.638678 0.291000 0.080000 0.003000 0.107000
-0.656851 0.449505 -0.605385 0.291000 0.080000 0.003000 0.107000
0.656573 -0.449616 0.605605 0.291000 0.080000 0.003000 0.107000
0.297504 -0.952913 -0.058726 0.291000 0.080000 0.003000 0.107000
-0.298078 0.952735 0.058704 0.291000 0.080000 0.003000 0.107000
-0.801399 -0.348463 -0.486140 0.291000 0.080000 0.003000 0.107000
0.801205 0.348568 0.486386 0.291000 0.080000 0.003000 0.107000
-0.426618 0.772103 -0.471014 0.291000 0.080000 0.003000 0.107000
0.426153 -0.772313 0.471090 0.291000 0.080000 0.003000 0.107000
0.000000 0.000000 0.000000 0.000000 0.000000 0.000000 0.107000
-0.207899 -0.773569 -0.598639 0.291000 0.080000 0.003000 0.107000
0.207225 0.773665 0.598749 0.291000 0.080000 0.003000 0.107000
-0.706285 -0.444114 0.551293 0.291000 0.080000 0.003000 0.107000
0.706063 0.444227 -0.551486 0.291000 0.080000 0.003000 0.107000
-0.775796 0.057609 -0.628349 0.291000 0.080000 0.003000 0.107000
0.775586 -0.057677 0.628601 0.291000 0.080000 0.003000 0.107000
-0.760142 -0.087649 0.643818 0.291000 0.080000 0.003000 0.107000
0.759872 0.087724 -0.644126 0.291000 0.080000 0.003000 0.107000
-0.127008 0.688236 0.714283 0.291000 0.080000 0.003000 0.107000
0.126337 -0.688274 -0.714365 0.291000 0.080000 0.003000 0.107000
0.000000 0.000000 0.000000 0.000000 0.000000 0.000000 0.107000
-0.100765 -0.474100 0.874686 0.291000 0.080000 0.003000 0.107000
0.100084 0.474135 -0.874745 0.291000 0.080000 0.003000 0.107000
0.182885 -0.943296 0.277031 0.291000 0.080000 0.003000 0.107000
-0.183571 0.943167 -0.277017 0.291000 0.080000 0.003000 0.107000
-0.169497 0.243770 -0.954907 0.291000 0.080000 0.003000 0.107000
0.169165 -0.243797 0.954959 0.291000 0.080000 0.003000 0.107000
-0.881934 0.468253 0.054150 0.291000 0.080000 0.003000 0.107000
0.881688 -0.468708 -0.054203 0.291000 0.080000 0.003000 0.107000
-0.722294 -0.652989 -0.227808 0.291000 0.080000 0.003000 0.107000
0.721982 0.653342 0.227784 0.291000 0.080000 0.003000 0.107000
0.000000 0.000000 0.000000 0.000000 0.000000 0.000000 0.107000
-0.717003 0.579910 0.386796 0.291000 0.080000 0.003000 0.107000
0.716684 -0.580217 -0.386926 0.291000 0.080000 0.003000 0.107000
-0.046944 0.932577 0.357905 0.291000 0.080000 0.003000 0.107000
0.046252 -0.932609 -0.357913 0.291000 0.080000 0.003000 0.107000
0.229833 0.484121 0.844277 0.291000 0.080000 0.003000 0.107000
-0.230273 -0.484092 -0.844174 0.291000 0.080000 0.003000 0.107000
-0.886468 0.341709 -0.312104 0.291000 0.080000 0.003000 0.107000
0.886407 -0.341808 0.312170 0.291000 0.080000 0.003000 0.107000
-0.471315 0.115414 0.874381 0.291000 0.080000 0.003000 0.107000
0.471048 -0.115452 -0.874519 0.291000 0.080000 0.003000 0.107000
0.000000 0.000000 0.000000 0.000000 0.000000 0.000000 0.147000
0.000000 0.000000 0.000000 0.000000 0.000000 0.000000 0.147000
-0.929694 -0.215479 0.298726 0.099000 0.120000 0.003000 0.147000
0.929378 0.215946 -0.299373 0.099000 0.120000 0.003000 0.147000
-0.386624 -0.873002 -0.297304 0.099000 0.120000 0.003000 0.147000
0.384267 0.873834 0.297915 0.099000 0.120000 0.003000 0.147000
0.039054 -0.773983 0.632001 0.099000 0.120000 0.003000 0.147000
-0.040981 0.773964 -0.631902 0.099000 0.120000 0.003000 0.147000
0.208901 0.134134 0.968694 0.099000 0.120000 0.003000 0.147000
-0.211610 -0.133980 -0.968127 0.099000 0.120000 0.003000 0.147000
-0.612339 0.787205 0.073137 0.099000 0.120000 0.003000 0.147000
0.610885 -0.788312 -0.073382 0.099000 0.120000 0.003000 0.147000
0.000000 0.000000 0.000000 0.000000 0.000000 0.000000 0.147000
0.463761 0.290584 -0.836951 0.099000 0.120000 0.003000 0.147000
-0.464950 -0.290020 0.836487 0.099000 0.120000 0.003000 0.147000
-0.996972 0.075120 0.020106 0.099000 0.120000 0.003000 0.147000
0.996957 -0.075306 -0.020156 0.099000 0.120000 0.003000 0.147000
-0.545181 -0.598486 -0.587020 0.099000 0.120000 0.003000 0.147000
0.543615 0.598543 0.588411 0.099000 0.120000 0.003000 0.147000
-0.502273 -0.863605 0.043691 0.099000 0.120000 0.003000 0.147000
0.500263 0.864765 -0.043812 0.099000 0.120000 0.003000 0.147000
-0.115580 -0.993246 -0.010211 0.099000 0.120000 0.003000 0.147000
0.115580 0.993246 0.010211 0.099000 0.120000 0.003000 0.147000
0.000000 0.000000 0.000000 0.000000 0.000000 0.000000 0.147000
-0.946273 -0.037138 -0.321229 0.099000 0.120000 0.003000 0.147000
0.945777 0.037306 0.322668 0.099000 0.120000 0.003000 0.147000
-0.164906 -0.063404 0.984269 0.099000 0.120000 0.003000 0.147000
0.162577 0.063456 -0.984653 0.099000 0.120000 0.003000 0.147000
-0.200086 -0.911573 0.359165 0.099000 0.120000 0.003000 0.147000
0.197160 0.912227 -0.359122 0.099000 0.120000 0.003000 0.147000
-0.321789 0.546717 -0.773015 0.099000 0.120000 0.003000 0.147000
0.320255 -0.547398 0.773171 0.099000 0.120000 0.003000 0.147000
-0.937220 -0.337474 -0.087923 0.099000 0.120000 0.003000 0.147000
0.937573 0.336404 0.088255 0.099000 0.120000 0.003000 0.147000
0.000000 0.000000 0.000000 0.000000 0.000000 0.000000 0.147000
-0.447265 0.519572 0.728010 0.099000 0.120000 0.003000 0.147000
0.446371 -0.519831 -0.728374 0.099000 0.120000 0.003000 0.147000
-0.691921 0.675271 -0.255449 0.099000 0.120000 0.003000 0.147000
0.690991 -0.676674 0.254251 0.099000 0.120000 0.003000 0.147000
-0.801118 -0.576259 0.161666 0.099000 0.120000 0.003000 0.147000
0.800401 0.577182 -0.161924 0.099000 0.120000 0.003000 0.147000
-0.405034 0.803860 0.435610 0.099000 0.120000 0.003000 0.147000
0.403455 -0.804897 -0.435160 0.099000 0.120000 0.003000 0.147000
-0.350213 -0.648056 0.676295 0.099000 0.120000 0.003000 0.147000
0.346943 0.648878 -0.677191 0.099000 0.120000 0.003000 0.147000
0.000000 0.000000 0.000000 0.000000 0.000000 0.000000 0.147000
-0.556928 -0.245775 -0.793364 0.099000 0.120000 0.003000 0.147000
0.556173 0.246318 0.793725 0.099000 0.120000 0.003000 0.147000
-0.139719 0.340705 0.929730 0.099000 0.120000 0.003000 0.147000
0.137483 -0.340924 -0.929983 0.099000 0.120000 0.003000 0.147000
-0.506589 0.155340 -0.848078 0.099000 0.120000 0.003000 0.147000
0.504609 -0.155776 0.849178 0.099000 0.120000 0.003000 0.147000
-0.915667 0.190413 0.353973 0.099000 0.120000 0.003000 0.147000
0.916219 -0.188994 -0.353304 0.099000 0.120000 0.003000 0.147000
-0.544477 -0.744566 0.386222 0.099000 0.120000 0.003000 0.147000
0.543518 0.745117 -0.386508 0.099000 0.120000 0.003000 0.147000
0.000000 0.000000 0.000000 0.000000 0.000000 0.000000 0.147000
-0.713559 0.290410 0.637570 0.099000 0.120000 0.003000 0.147000
0.712695 -0.289294 -0.639042 0.099000 0.120000 0.003000 0.147000
-0.656777 0.449383 -0.605556 0.099000 0.120000 0.003000 0.147000
0.655843 -0.449868 0.606209 0.099000 0.120000 0.003000 0.147000
0.296630 -0.953240 -0.057836 0.099000 0.120000 0.003000 0.147000
-0.299269 0.952420 0.057742 0.099000 0.120000 0.003000 0.147000
-0.800856 -0.349196 -0.486510 0.099000 0.120000 0.003000 0.147000
0.800138 0.349756 0.487289 0.099000 0.120000 0.003000 0.147000
-0.426737 0.771693 -0.471577 0.099000 0.120000 0.003000 0.147000
0.423885 -0.773022 0.471974 0.099000 0.120000 0.003000 0.147000
0.000000 0.000000 0.000000 0.000000 0.000000 0.000000 0.147000
-0.207761 -0.773550 -0.598712 0.099000 0.120000 0.003000 0.147000
0.206391 0.774031 0.598565 0.099000 0.120000 0.003000 0.147000
-0.706374 -0.444210 0.551102 0.099000 0.120000 0.003000 0.147000
0.705486 0.443694 -0.552653 0.099000 0.120000 0.003000 0.147000
-0.776001 0.057024 -0.628149 0.099000 0.120000 0.003000 0.147000
0.775228 -0.057108 0.629095 0.099000 0.120000 0.003000 0.147000
-0.760521 -0.088782 0.643215 0.099000 0.120000 0.003000 0.147000
0.759720 0.088910 -0.644143 0.099000 0.120000 0.003000 0.147000
-0.126710 0.687992 0.714570 0.099000 0.120000 0.003000 0.147000
0.126399 -0.688020 -0.714599 0.099000 0.120000 0.003000 0.147000
0.000000 0.000000 0.000000 0.000000 0.000000 0.000000 0.147000
-0.100051 -0.474400 0.874605 0.099000 0.120000 0.003000 0.147000
0.100051 0.474400 -0.874605 0.099000 0.120000 0.003000 0.147000
0.182378 -0.943102 0.278024 0.099000 0.120000 0.003000 0.147000
-0.182819 0.943023 -0.278000 0.099000 0.120000 0.003000 0.147000
-0.170474 0.243641 -0.954766 0.099000 0.120000 0.003000 0.147000
0.167239 -0.243482 0.955378 0.099000 0.120000 0.003000 0.147000
-0.882366 0.467494 0.053657 0.099000 0.120000 0.003000 0.147000
0.881385 -0.469318 -0.053865 0.099000 0.120000 0.003000 0.147000
-0.721909 -0.653147 -0.228576 0.099000 0.120000 0.003000 0.147000
0.721111 0.653734 0.229414 0.099000 0.120000 0.003000 0.147000
0.000000 0.000000 0.000000 0.000000 0.000000 0.000000 0.147000
-0.716735 0.580501 0.386405 0.099000 0.120000 0.003000 0.147000
0.715902 -0.580663 -0.387705 0.099000 0.120000 0.003000 0.147000
-0.048292 0.932295 0.358461 0.099000 0.120000 0.003000 0.147000
0.045973 -0.932382 -0.358538 0.099000 0.120000 0.003000 0.147000
0.228293 0.484048 0.844737 0.099000 0.120000 0.003000 0.147000
-0.231266 -0.483885 -0.844021 0.099000 0.120000 0.003000 0.147000
-0.886474 0.341244 -0.312596 0.099000 0.120000 0.003000 0.147000
0.885999 -0.341915 0.313210 0.099000 0.120000 0.003000 0.147000
-0.471603 0.114732 0.874315 0.099000 0.120000 0.003000 0.147000
0.470688 -0.114795 -0.874800 0.099000 0.120000 0.003000 0.147000
0.000000 0.000000 0.000000 0.000000 0.000000 0.000000 0.072000
0.000000 0.000000 0.000000 0.000000 0.000000 0.000000 0.072000
-0.929654 -0.215671 0.298713 0.200000 0.040000 0.008000 0.072000
0.929506 0.215481 -0.299310 0.200000 0.040000 0.008000 0.072000
-0.385320 -0.873494 -0.297552 0.200000 0.040000 0.008000 0.072000
0.384552 0.873848 0.297503 0.200000 0.040000 0.008000 0.072000
0.039379 -0.773868 0.632122 0.200000 0.040000 0.008000 0.072000
-0.040314 0.773837 -0.632100 0.200000 0.040000 0.008000 0.072000
0.209346 0.133597 0.968672 0.200000 0.040000 0.008000 0.072000
-0.209935 -0.133560 -0.968550 0.200000 0.040000 0.008000 0.072000
-0.611899 0.787659 0.071921 0.200000 0.040000 0.008000 0.072000
0.611512 -0.787954 -0.071985 0.200000 0.040000 0.008000 0.072000
0.000000 0.000000 0.000000 0.000000 0.000000 0.000000 0.072000
0.463608 0.290078 -0.837211 0.200000 0.040000 0.008000 0.072000
-0.464168 -0.289886 0.836967 0.200000 0.040000 0.008000 0.072000
-0.996893 0.076181 0.020035 0.200000 0.040000 0.008000 0.072000
0.996880 -0.076332 -0.020075 0.200000 0.040000 0.008000 0.072000
-0.545199 -0.597957 -0.587542 0.200000 0.040000 0.008000 0.072000
0.544367 0.598346 0.587918 0.200000 0.040000 0.008000 0.072000
-0.501929 -0.863746 0.044826 0.200000 0.040000 0.008000 0.072000
0.501107 0.864221 -0.044885 0.200000 0.040000 0.008000 0.072000
-0.116721 -0.993099 -0.011406 0.200000 0.040000 0.008000 0.072000
0.115433 0.993250 0.011409 0.200000 0.040000 0.008000 0.072000
0.000000 0.000000 0.000000 0.000000 0.000000 0.000000 0.072000
-0.946111 -0.037932 -0.321613 0.200000 0.040000 0.008000 0.072000
0.946082 0.038015 0.321688 0.200000 0.040000 0.008000 0.072000
-0.163818 -0.062268 0.984523 0.200000 0.040000 0.008000 0.072000
0.162575 0.062295 -0.984728 0.200000 0.040000 0.008000 0.072000
-0.198734 -0.912023 0.358773 0.200000 0.040000 0.008000 0.072000
0.198174 0.912111 -0.358860 0.200000 0.040000 0.008000 0.072000
-0.321568 0.546795 -0.773052 0.200000 0.040000 0.008000 0.072000
0.320678 -0.546928 0.773328 0.200000 0.040000 0.008000 0.072000
-0.937509 -0.336819 -0.087352 0.200000 0.040000 0.008000 0.072000
0.937357 0.337213 0.087455 0.200000 0.040000 0.008000 0.072000
0.000000 0.000000 0.000000 0.000000 0.000000 0.000000 0.072000
-0.446988 0.520137 0.727777 0.200000 0.040000 0.008000 0.072000
0.446011 -0.520364 -0.728214 0.200000 0.040000 0.008000 0.072000
-0.691424 0.675819 -0.255348 0.200000 0.040000 0.008000 0.072000
0.690935 -0.676408 0.255110 0.200000 0.040000 0.008000 0.072000
-0.800905 -0.576431 0.162107 0.200000 0.040000 0.008000 0.072000
0.800438 0.576992 -0.162415 0.200000 0.040000 0.008000 0.072000
-0.404531 0.804432 0.435022 0.200000 0.040000 0.008000 0.072000
0.403944 -0.804599 -0.435258 0.200000 0.040000 0.008000 0.072000
-0.348480 -0.648284 0.676971 0.200000 0.040000 0.008000 0.072000
0.347606 0.648503 -0.677210 0.200000 0.040000 0.008000 0.072000
0.000000 0.000000 0.000000 0.000000 0.000000 0.000000 0.072000
-0.557390 -0.246344 -0.792862 0.200000 0.040000 0.008000 0.072000
0.556934 0.246540 0.793122 0.200000 0.040000 0.008000 0.072000
-0.139671 0.340496 0.929814 0.200000 0.040000 0.008000 0.072000
0.138479 -0.340614 -0.929949 0.200000 0.040000 0.008000 0.072000
-0.505917 0.155496 -0.848451 0.200000 0.040000 0.008000 0.072000
0.505389 -0.155611 0.848744 0.200000 0.040000 0.008000 0.072000
-0.916060 0.189824 0.353271 0.200000 0.040000 0.008000 0.072000
0.915925 -0.190225 -0.353406 0.200000 0.040000 0.008000 0.072000
-0.543854 -0.745114 0.386041 0.200000 0.040000 0.008000 0.072000
0.543290 0.745510 -0.386072 0.200000 0.040000 0.008000 0.072000
0.000000 0.000000 0.000000 0.000000 0.000000 0.000000 0.072000
-0.713329 0.289424 0.638276 0.200000 0.040000 0.008000 0.072000
0.712865 -0.289225 -0.638884 0.200000 0.040000 0.008000 0.072000
-0.657098 0.449210 -0.605337 0.200000 0.040000 0.008000 0.072000
0.656545 -0.449707 0.605568 0.200000 0.040000 0.008000 0.072000
0.297423 -0.952938 -0.058723 0.200000 0.040000 0.008000 0.072000
-0.297946 0.952776 0.058700 0.200000 0.040000 0.008000 0.072000
-0.801422 -0.348222 -0.486276 0.200000 0.040000 0.008000 0.072000
0.801132 0.348701 0.486411 0.200000 0.040000 0.008000 0.072000
-0.426625 0.771888 -0.471360 0.200000 0.040000 0.008000 0.072000
0.425865 -0.772243 0.471466 0.200000 0.040000 0.008000 0.072000
0.000000 0.000000 0.000000 0.000000 0.000000 0.000000 0.072000
-0.207823 -0.773500 -0.598755 0.200000 0.040000 0.008000 0.072000
0.206855 0.773677 0.598861 0.200000 0.040000 0.008000 0.072000
-0.706489 -0.444125 0.551022 0.200000 0.040000 0.008000 0.072000
0.706017 0.444135 -0.551619 0.200000 0.040000 0.008000 0.072000
-0.775626 0.057420 -0.628575 0.200000 0.040000 0.008000 0.072000
0.775299 -0.057503 0.628971 0.200000 0.040000 0.008000 0.072000
-0.760066 -0.087790 0.643889 0.200000 0.040000 0.008000 0.072000
0.759704 0.087915 -0.644298 0.200000 0.040000 0.008000 0.072000
-0.126929 0.688424 0.714116 0.200000 0.040000 0.008000 0.072000
0.126023 -0.688503 -0.714200 0.200000 0.040000 0.008000 0.072000
0.000000 0.000000 0.000000 0.000000 0.000000 0.000000 0.072000
-0.100722 -0.473983 0.874755 0.200000 0.040000 0.008000 0.072000
0.099841 0.474001 -0.874846 0.200000 0.040000 0.008000 0.072000
0.183076 -0.943232 0.277123 0.200000 0.040000 0.008000 0.072000
-0.183781 0.943115 -0.277053 0.200000 0.040000 0.008000 0.072000
-0.169608 0.243613 -0.954927 0.200000 0.040000 0.008000 0.072000
0.169008 -0.243665 0.955020 0.200000 0.040000 0.008000 0.072000
-0.881987 0.468136 0.054285 0.200000 0.040000 0.008000 0.072000
0.881769 -0.468535 -0.054399 0.200000 0.040000 0.008000 0.072000
-0.722315 -0.652996 -0.227721 0.200000 0.040000 0.008000 0.072000
0.721873 0.653380 0.228023 0.200000 0.040000 0.008000 0.072000
0.000000 0.000000 0.000000 0.000000 0.000000 0.000000 0.072000
-0.716953 0.579941 0.386842 0.200000 0.040000 0.008000 0.072000
0.716498 -0.580183 -0.387322 0.200000 0.040000 0.008000 0.072000
-0.047100 0.932481 0.358134 0.200000 0.040000 0.008000 0.072000
0.045862 -0.932527 -0.358176 0.200000 0.040000 0.008000 0.072000
0.229814 0.484268 0.844198 0.200000 0.040000 0.008000 0.072000
-0.230463 -0.484125 -0.844103 0.200000 0.040000 0.008000 0.072000
-0.886560 0.341746 -0.311803 0.200000 0.040000 0.008000 0.072000
0.886310 -0.341830 0.312420 0.200000 0.040000 0.008000 0.072000
-0.471776 0.115250 0.874154 0.200000 0.040000 0.008000 0.072000
0.470639 -0.115410 -0.874745 0.200000 0.040000 0.008000 0.072000
0.000000 0.000000 0.000000 0.000000 0.000000 0.000000 0.112000
0.000000 0.000000 0.000000 0.000000 0.000000 0.000000 0.112000
-0.929654 -0.215671 0.298713 0.200000 0.080000 0.008000 0.112000
0.929506 0.215481 -0.299310 0.200000 0.080000 0.008000 0.112000
-0.385320 -0.873494 -0.297552 0.200000 0.080000 0.008000 0.112000
0.384552 0.873848 0.297503 0.200000 0.080000 0.008000 0.112000
0.039379 -0.773868 0.632122 0.200000 0.080000 0.008000 0.112000
-0.040314 0.773837 -0.632100 0.200000 0.080000 0.008000 0.112000
0.209346 0.133597 0.968672 0.200000 0.080000 0.008000 0.112000
-0.209935 -0.133560 -0.968550 0.200000 0.080000 0.008000 0.112000
-0.611899 0.787659 0.071921 0.200000 0.080000 0.008000 0.112000
0.611512 -0.787954 -0.071985 0.200000 0.080000 0.008000 0.112000
0.000000 0.000000 0.000000 0.000000 0.000000 0.000000 0.112000
0.463608 0.290078 -0.837211 0.200000 0.080000 0.008000 0.112000
-0.464168 -0.289886 0.836967 0.200000 0.080000 0.008000 0.112000
-0.996893 0.076181 0.020035 0.200000 0.080000 0.008000 0.112000
0.996880 -0.076332 -0.020075 0.200000 0.080000 0.008000 0.112000
-0.545199 -0.597957 -0.587542 0.200000 0.080000 0.008000 0.112000
0.544367 0.598346 0.587918 0.200000 0.080000 0.008000 0.112000
-0.501929 -0.863746 0.044826 0.200000 0.080000 0.008000 0.112000
0.501107 0.864221 -0.044885 0.200000 0.080000 0.008000 0.112000
-0.116721 -0.993099 -0.011406 0.200000 0.080000 0.008000 0.112000
0.115433 0.993250 0.011409 0.200000 0.080000 0.008000 0.112000
0.000000 0.000000 0.000000 0.000000 0.000000 0.000000 0.112000
-0.946111 -0.037932 -0.321613 0.200000 0.080000 0.008000 0.112000
0.946082 0.038015 0.321688 0.200000 0.080000 0.008000 0.112000
-0.163818 -0.062268 0.984523 0.200000 0.080000 0.008000 0.112000
0.162575 0.062295 -0.984728 0.200000 0.080000 0.008000 0.112000
-0.198734 -0.912023 0.358773 0.200000 0.080000 0.008000 0.112000
0.198174 0.912111 -0.358860 0.200000 0.080000 0.008000 0.112000
-0.321568 0.546795 -0.773052 0.200000 0.080000 0.008000 0.112000
0.320678 -0.546928 0.773328 0.200000 0.080000 0.008000 0.112000
-0.937509 -0.336819 -0.087352 0.200000 0.080000 0.008000 0.112000
0.937357 0.337213 0.087455 0.200000 0.080000 0.008000 0.112000
0.000000 0.000000 0.000000 0.000000 0.000000 0.000000 0.112000
-0.446988 0.520137 0.727777 0.200000 0.080000 0.008000 0.112000
0.446011 -0.520364 -0.728214 0.200000 0.080000 0.008000 0.112000
-0.691424 0.675819 -0.255348 0.200000 0.080000 0.008000 0.112000
0.690935 -0.676408 0.255110 0.200000 0.080000 0.008000 0.112000
-0.800905 -0.576431 0.162107 0.200000 0.080000 0.008000 0.112000
0.800438 0.576992 -0.162415 0.200000 0.080000 0.008000 0.112000
-0.404531 0.804432 0.435022 0.200000 0.080000 0.008000 0.112000
0.403944 -0.804599 -0.435258 0.200000 0.080000 0.008000 0.112000
-0.348480 -0.648284 0.676971 0.200000 0.080000 0.008000 0.112000
0.347606 0.648503 -0.677210 0.200000 0.080000 0.008000 0.112000
0.000000 0.000000 0.000000 0.000000 0.000000 0.000000 0.112000
-0.557390 -0.246344 -0.792862 0.200000 0.080000 0.008000 0.112000
0.556934 0.246540 0.793122 0.200000 0.080000 0.008000 0.112000
-0.139671 0.340496 0.929814 0.200000 0.080000 0.008000 0.112000
0.138479 -0.340614 -0.929949 0.200000 0.080000 0.008000 0.112000
-0.505917 0.155496 -0.848451 0.200000 0.080000 0.008000 0.112000
0.505389 -0.155611 0.848744 0.200000 0.080000 0.008000 0.112000
-0.916060 0.189824 0.353271 0.200000 0.080000 0.008000 0.112000
0.915925 -0.190225 -0.353406 0.200000 0.080000 0.008000 0.112000
-0.543854 -0.745114 0.386041 0.200000 0.080000 0.008000 0.112000
0.543290 0.745510 -0.386072 0.200000 0.080000 0.008000 0.112000
0.000000 0.000000 0.000000 0.000000 0.000000 0.000000 0.112000
-0.713329 0.289424 0.638276 0.200000 0.080000 0.008000 0.112000
0.712865 -0.289225 -0.638884 0.200000 0.080000 0.008000 0.112000
-0.657098 0.449210 -0.605337 0.200000 0.080000 0.008000 0.112000
0.656545 -0.449707 0.605568 0.200000 0.080000 0.008000 0.112000
0.297423 -0.952938 -0.058723 0.200000 0.080000 0.008000 0.112000
-0.297946 0.952776 0.058700 0.200000 0.080000 0.008000 0.112000
-0.801422 -0.348222 -0.486276 0.200000 0.080000 0.008000 0.112000
0.801132 0.348701 0.486411 0.200000 0.080000 0.008000 0.112000
-0.426625 0.771888 -0.471360 0.200000 0.080000 0.008000 0.112000
0.425865 -0.772243 0.471466 0.200000 0.080000 0.008000 0.112000
0.000000 0.000000 0.000000 0.000000 0.000000 0.000000 0.112000
-0.207823 -0.773500 -0.598755 0.200000 0.080000 0.008000 0.112000
0.206855 0.773677 0.598861 0.200000 0.080000 0.008000 0.112000
-0.706489 -0.444125 0.551022 0.200000 0.080000 0.008000 0.112000
0.706017 0.444135 -0.551619 0.200000 0.080000 0.008000 0.112000
-0.775626 0.057420 -0.628575 0.200000 0.080000 0.008000 0.112000
0.775299 -0.057503 0.628971 0.200000 0.080000 0.008000 0.112000
-0.760066 -0.087790 0.643889 0.200000 0.080000 0.008000 0.112000
0.759704 0.087915 -0.644298 0.200000 0.080000 0.008000 0.112000
-0.126929 0.688424 0.714116 0.200000 0.080000 0.008000 0.112000
0.126023 -0.688503 -0.714200 0.200000 0.080000 0.008000 0.112000
0.000000 0.000000 0.000000 0.000000 0.000000 0.000000 0.112000
-0.100722 -0.473983 0.874755 0.200000 0.080000 0.008000 0.112000
0.099841 0.474001 -0.874846 0.200000 0.080000 0.008000 0.112000
0.183076 -0.943232 0.277123 0.200000 0.080000 0.008000 0.112000
-0.183781 0.943115 -0.277053 0.200000 0.080000 0.008000 0.112000
-0.169608 0.243613 -0.954927 0.200000 0.080000 0.008000 0.112000
0.169008 -0.243665 0.955020 0.200000 0.080000 0.008000 0.112000
-0.881987 0.468136 0.054285 0.200000 0.080000 0.008000 0.112000
0.881769 -0.468535 -0.054399 0.200000 0.080000 0.008000 0.112000
-0.722315 -0.652996 -0.227721 0.200000 0.080000 0.008000 0.112000
0.721873 0.653380 0.228023 0.200000 0.080000 0.008000 0.112000
0.000000 0.000000 0.000000 0.000000 0.000000 0.000000 0.112000
-0.716953 0.579941 0.386842 0.200000 0.080000 0.008000 0.112000
0.716498 -0.580183 -0.387322 0.200000 0.080000 0.008000 0.112000
-0.047100 0.932481 0.358134 0.200000 0.080000 0.008000 0.112000
0.045862 -0.932527 -0.358176 0.200000 0.080000 0.008000 0.112000
0.229814 0.484268 0.844198 0.200000 0.080000 0.008000 0.112000
-0.230463 -0.484125 -0.844103 0.200000 0.080000 0.008000 0.112000
-0.886560 0.341746 -0.311803 0.200000 0.080000 0.008000 0.112000
0.886310 -0.341830 0.312420 0.200000 0.080000 0.008000 0.112000
-0.471776 0.115250 0.874154 0.200000 0.080000 0.008000 0.112000
0.470639 -0.115410 -0.874745 0.200000 0.080000 0.008000 0.112000
0.000000 0.000000 0.000000 0.000000 0.000000 0.000000 0.152000
0.000000 0.000000 0.000000 0.000000 0.000000 0.000000 0.152000
-0.929694 -0.215479 0.298726 0.100000 0.120000 0.008000 0.152000
0.929378 0.215946 -0.299373 0.100000 0.120000 0.008000 0.152000
-0.386624 -0.873002 -0.297304 0.100000 0.120000 0.008000 0.152000
0.384267 0.873834 0.297915 0.100000 0.120000 0.008000 0.152000
0.039054 -0.773983 0.632001 0.100000 0.120000 0.008000 0.152000
-0.040981 0.773964 -0.631902 0.100000 0.120000 0.008000 0.152000
0.208901 0.134134 0.968694 0.100000 0.120000 0.008000 0.152000
-0.211610 -0.133980 -0.968127 0.100000 0.120000 0.008000 0.152000
-0.612339 0.787205 0.073137 0.100000 0.120000 0.008000 0.152000
0.610885 -0.788312 -0.073382 0.100000 0.120000 0.008000 0.152000
0.000000 0.000000 0.000000 0.000000 0.000000 0.000000 0.152000
0.463761 0.290584 -0.836951 0.100000 0.120000 0.008000 0.152000
-0.464950 -0.290020 0.836487 0.100000 0.120000 0.008000 0.152000
-0.996972 0.075120 0.020106 0.100000 0.120000 0.008000 0.152000
0.996957 -0.075306 -0.020156 0.100000 0.120000 0.008000 0.152000
-0.545181 -0.598486 -0.587020 0.100000 0.120000 0.008000 0.152000
0.543615 0.598543 0.588411 0.100000 0.120000 0.008000 0.152000
-0.502273 -0.863605 0.043691 0.100000 0.120000 0.008000 0.152000
0.500263 0.864765 -0.043812 0.100000 0.120000 0.008000 0.152000
-0.115580 -0.993246 -0.010211 0.100000 0.120000 0.008000 0.152000
0.115580 0.993246 0.010211 0.100000 0.120000 0.008000 0.152000
0.000000 0.000000 0.000000 0.000000 0.000000 0.000000 0.152000
-0.946273 -0.037138 -0.321229 0.100000 0.120000 0.008000 0.152000
0.945777 0.037306 0.322668 0.100000 0.120000 0.008000 0.152000
-0.164906 -0.063404 0.984269 0.100000 0.120000 0.008000 0.152000
0.162577 0.063456 -0.984653 0.100000 0.120000 0.008000 0.152000
-0.200086 -0.911573 0.359165 0.100000 0.120000 0.008000 0.152000
0.197160 0.912227 -0.359122 0.100000 0.120000 0.008000 0.152000
-0.321789 0.546717 -0.773015 0.100000 0.120000 0.008000 0.152000
0.320255 -0.547398 0.773171 0.100000 0.120000 0.008000 0.152000
-0.937220 -0.337474 -0.087923 0.100000 0.120000 0.008000 0.152000
0.937573 0.336404 0.088255 0.100000 0.120000 0.008000 0.152000
0.000000 0.000000 0.000000 0.000000 0.000000 0.000000 0.152000
-0.447265 0.519572 0.728010 0.100000 0.120000 0.008000 0.152000
0.446371 -0.519831 -0.728374 0.100000 0.120000 0.008000 0.152000
-0.691921 0.675271 -0.255449 0.100000 0.120000 0.008000 0.152000
0.690991 -0.676674 0.254251 0.100000 0.120000 0.008000 0.152000
-0.801118 -0.576259 0.161666 0.100000 0.120000 0.008000 0.152000
0.800401 0.577182 -0.161924 0.100000 0.120000 0.008000 0.152000
-0.405034 0.803860 0.435610 0.100000 0.120000 0.008000 0.152000
0.403455 -0.804897 -0.435160 0.100000 0.120000 0.008000 0.152000
-0.350213 -0.648056 0.676295 0.100000 0.120000 0.008000 0.152000
0.346943 0.648878 -0.677191 0.100000 0.120000 0.008000 0.152000
0.000000 0.000000 0.000000 0.000000 0.000000 0.000000 0.152000
-0.556928 -0.245775 -0.793364 0.100000 0.120000 0.008000 0.152000
0.556173 0.246318 0.793725 0.100000 0.120000 0.008000 0.152000
-0.139719 0.340705 0.929730 0.100000 0.120000 0.008000 0.152000
0.137483 -0.340924 -0.929983 0.100000 0.120000 0.008000 0.152000
-0.506589 0.155340 -0.848078 0.100000 0.120000 0.008000 0.152000
0.504609 -0.155776 0.849178 0.100000 0.120000 0.008000 0.152000
-0.915667 0.190413 0.353973 0.100000 0.120000 0.008000 0.152000
0.916219 -0.188994 -0.353304 0.100000 0.120000 0.008000 0.152000
-0.544477 -0.744566 0.386222 0.100000 0.120000 0.008000 0.152000
0.543518 0.745117 -0.386508 0.100000 0.120000 0.008000 0.152000
0.000000 0.000000 0.000000 0.000000 0.000000 0.000000 0.152000
-0.713559 0.290410 0.637570 0.100000 0.120000 0.008000 0.152000
0.712695 -0.289294 -0.639042 0.100000 0.120000 0.008000 0.152000
-0.656777 0.449383 -0.605556 0.100000 0.120000 0.008000 0.152000
0.655843 -0.449868 0.606209 0.100000 0.120000 0.008000 0.152000
0.296630 -0.953240 -0.057836 0.100000 0.120000 0.008000 0.152000
-0.299269 0.952420 0.057742 0.100000 0.120000 0.008000 0.152000
-0.800856 -0.349196 -0.486510 0.100000 0.120000 0.008000 0.152000
0.800138 0.349756 0.487289 0.100000 0.120000 0.008000 0.152000
-0.426737 0.771693 -0.471577 0.100000 0.120000 0.008000 0.152000
0.423885 -0.773022 0.471974 0.100000 0.120000 0.008000 0.152000
0.000000 0.000000 0.000000 0.000000 0.000000 0.000000 0.152000
-0.207761 -0.773550 -0.598712 0.100000 0.120000 0.008000 0.152000
0.206391 0.774031 0.598565 0.100000 0.120000 0.008000 0.152000
-0.706374 -0.444210 0.551102 0.100000 0.120000 0.008000 0.152000
0.705486 0.443694 -0.552653 0.100000 0.120000 0.008000 0.152000
-0.776001 0.057024 -0.628149 0.100000 0.120000 0.008000 0.152000
0.775228 -0.057108 0.629095 0.100000 0.120000 0.008000 0.152000
-0.760521 -0.088782 0.643215 0.100000 0.120000 0.008000 0.152000
0.759720 0.088910 -0.644143 0.100000 0.120000 0.008000 0.152000
-0.126710 0.687992 0.714570 0.100000 0.120000 0.008000 0.152000
0.126399 -0.688020 -0.714599 0.100000 0.120000 0.008000 0.152000
0.000000 0.000000 0.000000 0.000000 0.000000 0.000000 0.152000
-0.100051 -0.474400 0.874605 0.100000 0.120000 0.008000 0.152000
0.100051 0.474400 -0.874605 0.100000 0.120000 0.008000 0.152000
0.182378 -0.943102 0.278024 0.100000 0.120000 0.008000 0.152000
-0.182819 0.943023 -0.278000 0.100000 0.120000 0.008000 0.152000
-0.170474 0.243641 -0.954766 0.100000 0.120000 0.008000 0.152000
0.167239 -0.243482 0.955378 0.100000 0.120000 0.008000 0.152000
-0.882366 0.467494 0.053657 0.100000 0.120000 0.008000 0.152000
0.881385 -0.469318 -0.053865 0.100000 0.120000 0.008000 0.152000
-0.721909 -0.653147 -0.228576 0.100000 0.120000 0.008000 0.152000
0.721111 0.653734 0.229414 0.100000 0.120000 0.008000 0.152000
0.000000 0.000000 0.000000 0.000000 0.000000 0.000000 0.152000
-0.716735 0.580501 0.386405 0.100000 0.120000 0.008000 0.152000
0.715902 -0.580663 -0.387705 0.100000 0.120000 0.008000 0.152000
-0.048292 0.932295 0.358461 0.100000 0.120000 0.008000 0.152000
0.045973 -0.932382 -0.358538 0.100000 0.120000 0.008000 0.152000
0.228293 0.484048 0.844737 0.100000 0.120000 0.008000 0.152000
-0.231266 -0.483885 -0.844021 0.100000 0.120000 0.008000 0.152000
-0.886474 0.341244 -0.312596 0.100000 0.120000 0.008000 0.152000
0.885999 -0.341915 0.313210 0.100000 0.120000 0.008000 0.152000
-0.471603 0.114732 0.874315 0.100000 0.120000 0.008000 0.152000
0.470688 -0.114795 -0.874800 0.100000 0.120000 0.008000 0.152000

